2021/4/1    	0.208	-65.309	1193	0.053		
2021/4/2    	0.209	-65.087	1193.1	0.053		
2021/4/3    	0.21	-64.878	1193.1	0.054		
2021/4/4    	0.21	-64.808	1193.1	0.054		
2021/4/5    	0.21	-65.058	1193.1	0.054		
2021/4/6    	0.21	-65.365	1193.1	0.054		
2021/4/7    	0.21	-65.586	1193.1	0.053		
2021/4/8    	0.211	-65.485	1193	0.052		
2021/4/9    	0.212	-65.596	1193	0.05		
2021/4/10    	0.212	-65.629	1193	0.047		
2021/4/11    	0.213	-65.875	1192.9	0.046		
2021/4/12    	0.214	-66.11	1192.8	0.044		
2021/4/13    	0.214	-66.202	1192.8	0.042		
2021/4/14    	0.214	-66.106	1192.7	0.041		
2021/4/15    	0.217	-65.802	1192.7	0.042		
2021/4/16    	0.218	-65.661	1192.6	0.045		
2021/4/17    	0.218	-65.785	1192.5	0.046		
2021/4/18    	0.218	-65.602	1192.4	0.046		
2021/4/19    	0.219	-65.658	1192.4	0.046		
2021/4/20    	0.219	-65.324	1192.4	0.047		
2021/4/21    	0.22	-65.38	1192.4	0.048		
2021/4/22    	0.22	-65.084	1192.4	0.049		
2021/4/23    	0.221	-64.62	1192.4	0.049		
2021/4/24    	0.224	-64.388	1192.5	0.049		
2021/4/25    	0.225	-64.116	1192.5	0.049		
2021/4/26    	0.228	-63.621	1192.5	0.049		
2021/4/27    	0.224	-59.588	1192.5	0.048		
2021/4/28    	0.211	-56.78	1192.5	0.046		
2021/4/29    	0.2	-54.536	1192.6	0.044		
2021/4/30    	0.19	-53.221	1192.7	0.043		
2021/5/1    	0.182	-51.622	1192.8	0.042		
2021/5/2    	0.176	-49.978	1192.8	0.041		
2021/5/3    	0.172	-48.54	1192.8	0.04		
2021/5/4    	0.172	-46.141	1192.8	0.038		
2021/5/5    	0.175	-43.674	1192.8	0.036		
2021/5/6    	0.181	-40.562	1192.9	0.034		
2021/5/7    	0.185	-36.895	1192.9	0.031		
2021/5/8    	0.191	-33.225	1193	0.029		
2021/5/9    	0.194	-28.394	1193	0.026		
2021/5/10    	0.198	-22.999	1192.9	0.024		
2021/5/11    	0.2	-18.36	1192.9	0.022		
2021/5/12    	0.199	-13.069	1192.9	0.021		
2021/5/13    	0.199	-8.812	1192.9	0.021		
2021/5/14    	0.196	-4.419	1192.8	0.022		
2021/5/15    	0.193	-0.29	1192.7	0.022		
2021/5/16    	0.186	3.687	1192.6	0.019		
2021/5/17    	0.184	5.867	1192.5	0.017		
2021/5/18    	0.181	7.614	1192.4	0.016		
2021/5/19    	0.178	8.422	1192.4	0.016		
2021/5/20    	0.174	7.694	1192.3	0.016		
2021/5/21    	0.174	5.984	1192.3	0.016		
2021/5/22    	0.178	2.814	1192.2	0.016		
2021/5/23    	0.183	1.34	1192.2	0.017		
2021/5/24    	0.205	1.001	1192.1	0.017		
2021/5/25    	0.227	5.865	1192	0.016		
2021/5/26    	0.248	13.469	1192	0.013		
2021/5/27    	0.195	2.448	1192.1	0.012		
2021/5/28    	0.2	-7.693	1192.2	0.011		
2021/5/29    	0.198	-14.96	1192.2	0.011		
2021/5/30    	0.197	-12.483	1192.2	0.009		
2021/5/31    	0.2	-9.938	1192.2	0.008		
2021/6/1    	0.196	-9.867	1192.2	0.006		
2021/6/2    	0.197	-10.683	1192.2	0.004		
2021/6/3    	0.194	-13.825	1192.3	0.002		
2021/6/4    	0.193	-18.351	1192.4	0		
2021/6/5    	0.183	-27.223	1192.5	-0.003		
2021/6/6    	0.186	-33.597	1192.5	-0.005		
2021/6/7    	0.184	-43.575	1192.6	-0.007		
2021/6/8    	0.187	-50.826	1192.6	-0.008		
2021/6/9    	0.192	-56.261	1192.6	-0.008		
2021/6/10    	0.192	-58.123	1192.6	-0.008		
2021/6/11    	0.186	-58.548	1192.6	-0.009		
2021/6/12    	0.182	-58.627	1192.5	-0.011		
2021/6/13    	0.175	-60.164	1192.5	-0.013		
2021/6/14    	0.183	-60.9	1192.5	-0.016		
2021/6/15    	0.208	-61.081	1192.4	-0.016		
2021/6/16    	0.228	-59.798	1192.4	-0.017		
2021/6/17    	0.229	-59.186	1192.3	-0.016		
2021/6/18    	0.232	-58.995	1192.2	-0.016		
2021/6/19    	0.234	-58.624	1192.1	-0.013		
2021/6/20    	0.233	-58.364	1192	-0.012		
2021/6/21    	0.234	-58.106	1191.9	-0.011		
2021/6/22    	0.235	-58.399	1191.8	-0.012		
2021/6/23    	0.235	-58.485	1191.8	-0.013		
2021/6/24    	0.235	-58.41	1191.9	-0.012		
2021/6/25    	0.236	-58.56	1191.9	-0.008		
2021/6/26    	0.237	-59.017	1191.9	-0.006		
2021/6/27    	0.238	-59.28	1191.8	-0.005		
2021/6/28    	0.239	-59.764	1191.8	-0.005		
2021/6/29    	0.238	-59.922	1191.8	-0.006		
2021/6/30    	0.238	-60.363	1191.8	-0.006		
2021/7/1    	0.239	-60.601	1191.8	-0.006		
2021/7/2    	0.241	-60.555	1191.9	-0.007		
2021/7/3    	0.242	-60.607	1191.9	-0.009		
2021/7/4    	0.243	-60.544	1191.9	-0.01		
2021/7/5    	0.243	-60.257	1192	-0.012		
2021/7/6    	0.243	-59.831	1192	-0.012		
2021/7/7    	0.243	-59.646	1192.1	-0.011		
2021/7/8    	0.243	-59.573	1192.1	-0.011		
2021/7/9    	0.242	-59.356	1192	-0.012		
2021/7/10    	0.243	-59.466	1192	-0.013		
2021/7/11    	0.244	-59.518	1192.1	-0.014		
2021/7/12    	0.244	-59.75	1192.1	-0.014		
2021/7/13    	0.244	-59.913	1192.1	-0.013		
2021/7/14    	0.245	-60.006	1192.1	-0.013		
2021/7/15    	0.244	-60.099	1192.1	-0.013		
2021/7/16    	0.245	-60.312	1192.1	-0.012		
2021/7/17    	0.246	-59.91	1192	-0.011		
2021/7/18    	0.245	-59.688	1192	-0.01		
2021/7/19    	0.246	-59.525	1192	-0.008		
2021/7/20    	0.244	-59.453	1192	-0.008		
2021/7/21    	0.243	-59.642	1192	-0.006		
2021/7/22    	0.241	-59.382	1192	-0.003		
2021/7/23    	0.24	-59.556	1192	0.001		
2021/7/24    	0.239	-59.573	1192	0.005		
2021/7/25    	0.237	-59.598	1191.9	0.007		
2021/7/26    	0.235	-59.456	1191.9	0.009		
2021/7/27    	0.235	-59.873	1191.9	0.01		
2021/7/28    	0.236	-60.007	1191.9	0.012		
2021/7/29    	0.236	-60.016	1191.9	0.012		
2021/7/30    	0.235	-59.812	1191.9	0.013		
2021/7/31    	0.235	-59.411	1191.9	0.013		
2021/8/1    	0.235	-59.509	1191.9	0.012		
2021/8/2    	0.235	-59.598	1191.9	0.013		
2021/8/3    	0.235	-59.569	1191.9	0.014		
2021/8/4    	0.234	-59.588	1191.8	0.014		
2021/8/5    	0.233	-59.662	1191.8	0.014		
2021/8/6    	0.232	-59.879	1191.7	0.012		
2021/8/7    	0.233	-60.365	1191.7	0.011		
2021/8/8    	0.233	-60.533	1191.7	0.011		
2021/8/9    	0.228	-60.158	1191.7	0.012		
2021/8/10    	0.215	-58.154	1191.8	0.013		
2021/8/11    	0.21	-57.964	1191.8	0.014		
2021/8/12    	0.211	-57.627	1191.8	0.016		
2021/8/13    	0.211	-57.768	1191.9	0.016		
2021/8/14    	0.21	-57.833	1192	0.016		
2021/8/15    	0.209	-57.358	1192	0.016		
2021/8/16    	0.207	-57.343	1192.1	0.017		
2021/8/17    	0.206	-57.434	1192.2	0.018		
2021/8/18    	0.203	-57.309	1192.3	0.019		
2021/8/19    	0.203	-56.955	1192.4	0.023		
2021/8/20    	0.201	-56.625	1192.4	0.026		
2021/8/21    	0.201	-56.035	1192.4	0.03		
2021/8/22    	0.202	-55.856	1192.4	0.032		
2021/8/23    	0.202	-55.572	1192.4	0.033		
2021/8/24    	0.202	-55.624	1192.5	0.036		
2021/8/25    	0.203	-55.563	1192.5	0.038		
2021/8/26    	0.204	-55.458	1192.5	0.04		
2021/8/27    	0.204	-55.072	1192.5	0.041		
2021/8/28    	0.203	-55.323	1192.5	0.041		
2021/8/29    	0.202	-55.617	1192.6	0.041		
2021/8/30    	0.203	-56.084	1192.6	0.043		
2021/8/31    	0.202	-56.103	1192.5	0.044		
2021/9/1    	0.202	-55.654	1192.4	0.044		
2021/9/2    	0.202	-55.989	1192.3	0.042		
2021/9/3    	0.203	-55.914	1192.3	0.04		
2021/9/4    	0.203	-56.284	1192.2	0.038		
2021/9/5    	0.206	-55.733	1192.2	0.037		
2021/9/6    	0.207	-55.593	1192.2	0.037		
2021/9/7    	0.209	-55.591	1192.1	0.037		
2021/9/8    	0.213	-56.907	1192.1	0.038		
2021/9/9    	0.226	-58.311	1192.1	0.037		
2021/9/10    	0.23	-57.808	1192.2	0.036		
2021/9/11    	0.23	-57.492	1192.3	0.035		
2021/9/12    	0.231	-57.062	1192.4	0.035		
2021/9/13    	0.23	-57.003	1192.5	0.036		
2021/9/14    	0.23	-56.938	1192.6	0.037		
2021/9/15    	0.228	-57.017	1192.7	0.038		
2021/9/16    	0.227	-57.05	1192.8	0.04		
2021/9/17    	0.228	-56.86	1192.8	0.041		
2021/9/18    	0.228	-56.768	1192.9	0.043		
2021/9/19    	0.227	-56.565	1192.9	0.044		
2021/9/20    	0.228	-56.875	1193	0.045		
2021/9/21    	0.228	-56.742	1193	0.048		
2021/9/22    	0.228	-56.759	1193.1	0.051		
2021/9/23    	0.229	-56.519	1193.1	0.053		
2021/9/24    	0.231	-56.406	1193.2	0.053		
2021/9/25    	0.23	-56.09	1193.3	0.054		
2021/9/26    	0.229	-55.838	1193.3	0.055		
2021/9/27    	0.229	-55.897	1193.4	0.057		
2021/9/28    	0.23	-55.72	1193.4	0.059		
2021/9/29    	0.23	-55.562	1193.3	0.058		
2021/9/30    	0.23	-55.377	1193.3	0.056		
2021/10/1    	0.23	-55.481	1193.3	0.054		
2021/10/2    	0.231	-55.645	1193.3	0.052		
2021/10/3    	0.23	-55.567	1193.3	0.05		
2021/10/4    	0.232	-55.571	1193.3	0.048		
2021/10/5    	0.232	-55.642	1193.3	0.045		
2021/10/6    	0.232	-55.939	1193.3	0.044		
2021/10/7    	0.233	-55.806	1193.3	0.042		
2021/10/8    	0.235	-56.522	1193.2	0.04		
2021/10/9    	0.235	-56.551	1193.2	0.038		
2021/10/10    	0.236	-56.807	1193.3	0.038		
2021/10/11    	0.237	-57.025	1193.3	0.038		
2021/10/12    	0.237	-57.124	1193.3	0.039		
2021/10/13    	0.236	-57.251	1193.3	0.039		
2021/10/14    	0.237	-57.63	1193.3	0.039		
2021/10/15    	0.238	-57.615	1193.3	0.039		
2021/10/16    	0.238	-57.89	1193.3	0.039		
2021/10/17    	0.237	-58.145	1193.3	0.039		
2021/10/18    	0.238	-58.156	1193.3	0.039		
2021/10/19    	0.238	-58.341	1193.3	0.04		
2021/10/20    	0.238	-58.319	1193.4	0.042		
2021/10/21    	0.238	-58.296	1193.4	0.042		
2021/10/22    	0.239	-58.088	1193.5	0.042		
2021/10/23    	0.239	-57.986	1193.6	0.042		
2021/10/24    	0.238	-58.071	1193.7	0.044		
2021/10/25    	0.238	-58.085	1193.8	0.046		
2021/10/26    	0.239	-57.85	1193.8	0.047		
2021/10/27    	0.239	-57.813	1193.8	0.046		
2021/10/28    	0.238	-58.097	1193.8	0.044		
2021/10/29    	0.237	-58.26	1193.9	0.044		
2021/10/30    	0.237	-58.405	1193.9	0.044		
2021/10/31    	0.238	-58.375	1194	0.042		
2021/11/1    	0.237	-58.495	1194.1	0.039		
2021/11/2    	0.236	-58.709	1194.2	0.037		
2021/11/3    	0.237	-58.785	1194.2	0.034		
2021/11/4    	0.238	-58.791	1194.2	0.031		
2021/11/5    	0.239	-58.639	1194.2	0.026		
2021/11/6    	0.237	-58.824	1194.1	0.022		
2021/11/7    	0.235	-57.55	1194.1	0.021		
2021/11/8    	0.235	-57.503	1194.1	0.021		
2021/11/9    	0.234	-57.407	1194	0.021		
2021/11/10    	0.232	-57.57	1193.9	0.02		
2021/11/11    	0.233	-57.861	1193.7	0.018		
2021/11/12    	0.233	-57.811	1193.6	0.018		
2021/11/13    	0.232	-57.893	1193.5	0.018		
2021/11/14    	0.233	-57.987	1193.4	0.019		
2021/11/15    	0.233	-58.124	1193.3	0.02		
2021/11/16    	0.234	-58.325	1193.3	0.02		
2021/11/17    	0.234	-58.394	1193.3	0.02		
2021/11/18    	0.236	-58.302	1193.3	0.02		
2021/11/19    	0.237	-58.137	1193.4	0.019		
2021/11/20    	0.238	-57.933	1193.4	0.019		
2021/11/21    	0.237	-57.991	1193.5	0.02		
2021/11/22    	0.236	-57.825	1193.5	0.021		
2021/11/23    	0.234	-57.809	1193.6	0.021		
2021/11/24    	0.234	-58.188	1193.6	0.019		
2021/11/25    	0.234	-58.732	1193.7	0.018		
2021/11/26    	0.233	-58.93	1193.7	0.018		
2021/11/27    	0.234	-59.185	1193.8	0.018		
2021/11/28    	0.235	-59.242	1193.9	0.018		
2021/11/29    	0.236	-59.37	1194	0.017		
2021/11/30    	0.235	-59.52	1194.2	0.016		
2021/12/1    	0.236	-59.441	1194.2	0.016		
2021/12/2    	0.237	-59.466	1194.2	0.013		
2021/12/3    	0.238	-59.139	1194.2	0.007		
2021/12/4    	0.238	-58.714	1194.2	0.002		
2021/12/5    	0.237	-58.458	1194.2	0		
2021/12/6    	0.236	-58.308	1194.2	0		
2021/12/7    	0.236	-58.904	1194.1	-0.002		
2021/12/8    	0.235	-58.87	1194	-0.006		
2021/12/9    	0.234	-59.1	1193.8	-0.008		
2021/12/10    	0.234	-59.419	1193.7	-0.009		
2021/12/11    	0.235	-59.736	1193.5	-0.009		
2021/12/12    	0.235	-59.862	1193.4	-0.007		
2021/12/13    	0.236	-59.9	1193.3	-0.004		
2021/12/14    	0.238	-60.024	1193.2	-0.002		
2021/12/15    	0.239	-59.778	1193.2	0		
2021/12/16    	0.24	-59.372	1193.2	0.001		
2021/12/17    	0.241	-59.358	1193.2	0.002		
2021/12/18    	0.24	-59.292	1193.2	0.004		
2021/12/19    	0.239	-59.163	1193.1	0.006		
2021/12/20    	0.24	-59.297	1193.1	0.006		
2021/12/21    	0.239	-59.241	1193.1	0.004		
2021/12/22    	0.24	-59.482	1193.1	0.002		
2021/12/23    	0.241	-59.384	1193.1	0.001		
2021/12/24    	0.242	-59.277	1193.2	0.001		
2021/12/25    	0.242	-59.209	1193.3	0.001		
2021/12/26    	0.243	-59.124	1193.3	0.001		
2021/12/27    	0.244	-59.147	1193.4	0.002		
2021/12/28    	0.245	-58.884	1193.5	0.003		
2021/12/29    	0.246	-58.918	1193.5	0.003		
2021/12/30    	0.248	-58.786	1193.5	0.001		
2021/12/31    	0.247	-58.465	1193.5	-0.003		
2022/1/1    	0.247	-58.452	1193.6	-0.006		
2022/1/2    	0.246	-58.632	1193.6	-0.006		
2022/1/3    	0.246	-58.828	1193.7	-0.006		
2022/1/4    	0.246	-58.914	1193.6	-0.007		
2022/1/5    	0.246	-58.957	1193.6	-0.01		
2022/1/6    	0.245	-58.864	1193.5	-0.013		
2022/1/7    	0.246	-59.073	1193.5	-0.015		
2022/1/8    	0.247	-58.91	1193.4	-0.014		
2022/1/9    	0.247	-58.628	1193.3	-0.012		
2022/1/10    	0.247	-58.635	1193.2	-0.01		
2022/1/11    	0.247	-58.516	1193.2	-0.007		
2022/1/12    	0.247	-58.505	1193.2	-0.005		
2022/1/13    	0.247	-58.384	1193.1	-0.003		
2022/1/14    	0.246	-58.198	1193.1	0		
2022/1/15    	0.244	-58.092	1193	0.003		
2022/1/16    	0.243	-58.051	1193	0.006		
2022/1/17    	0.243	-57.995	1192.9	0.007		
2022/1/18    	0.243	-57.89	1192.8	0.008		
2022/1/19    	0.243	-57.969	1192.8	0.009		
2022/1/20    	0.243	-58.098	1192.8	0.011		
2022/1/21    	0.243	-58.172	1192.8	0.013		
2022/1/22    	0.243	-58.347	1192.8	0.015		
2022/1/23    	0.242	-58.169	1192.8	0.018		
2022/1/24    	0.243	-58.249	1192.8	0.018		
2022/1/25    	0.244	-58.075	1192.8	0.019		
2022/1/26    	0.245	-57.986	1192.8	0.016		
2022/1/27    	0.245	-57.941	1192.8	0.016		
2022/1/28    	0.245	-57.936	1192.8	0.013		
2022/1/29    	0.243	-58.067	1192.8	0.011		
2022/1/30    	0.243	-58.095	1192.9	0.014		
2022/1/31    	0.243	-57.857	1192.9	0.016		
2022/2/1    	0.245	-57.897	1192.9	0.017		
2022/2/2    	0.244	-58.228	1192.9	0.015		
2022/2/3    	0.246	-58.4	1192.9	0.014		
2022/2/4    	0.246	-58.595	1192.9	0.013		
2022/2/5    	0.248	-58.818	1192.9	0.013		
2022/2/6    	0.249	-58.939	1192.8	0.013		
2022/2/7    	0.249	-59.043	1192.8	0.013		
2022/2/8    	0.25	-58.776	1192.9	0.013		
2022/2/9    	0.25	-58.706	1192.9	0.013		
2022/2/10    	0.25	-58.702	1193	0.014		
2022/2/11    	0.249	-58.487	1193	0.016		
2022/2/12    	0.249	-58.042	1193	0.019		
2022/2/13    	0.249	-58.234	1192.9	0.021		
2022/2/14    	0.25	-58.479	1192.9	0.022		
2022/2/15    	0.251	-58.701	1192.8	0.025		
2022/2/16    	0.25	-59.113	1192.8	0.029		
2022/2/17    	0.249	-59.239	1192.8	0.034		
2022/2/18    	0.249	-59.101	1192.8	0.038		
2022/2/19    	0.249	-58.918	1192.7	0.041		
2022/2/20    	0.249	-58.46	1192.7	0.043		
2022/2/21    	0.251	-58.774	1192.6	0.045		
2022/2/22    	0.252	-58.757	1192.6	0.045		
2022/2/23    	0.251	-58.414	1192.5	0.045		
2022/2/24    	0.248	-58.75	1192.4	0.044		
2022/2/25    	0.247	-58.707	1192.4	0.045		
2022/2/26    	0.245	-58.945	1192.4	0.047		
2022/2/27    	0.243	-59.144	1192.4	0.049		
2022/2/28    	0.243	-59.139	1192.4	0.051		
2022/3/1    	0.243	-59.406	1192.3	0.051		
2022/3/2    	0.245	-59.553	1192.3	0.049		
2022/3/3    	0.245	-59.674	1192.3	0.048		
2022/3/4    	0.245	-59.481	1192.2	0.047		
2022/3/5    	0.245	-59.54	1192.2	0.046		
2022/3/6    	0.244	-59.34	1192.2	0.044		
2022/3/7    	0.243	-59.449	1192.3	0.042		
2022/3/8    	0.242	-59.201	1192.4	0.04		
2022/3/9    	0.242	-59.489	1192.5	0.038		
2022/3/10    	0.242	-59.466	1192.5	0.038		
2022/3/11    	0.241	-59.351	1192.6	0.039		
2022/3/12    	0.241	-59.419	1192.6	0.039		
2022/3/13    	0.24	-59.821	1192.6	0.039		
2022/3/14    	0.24	-60.352	1192.6	0.039		
2022/3/15    	0.241	-60.289	1192.6	0.041		
2022/3/16    	0.242	-60.328	1192.6	0.044		
2022/3/17    	0.241	-60.316	1192.7	0.047		
2022/3/18    	0.245	-60.515	1192.7	0.05		
2022/3/19    	0.245	-60.695	1192.7	0.052		
2022/3/20    	0.246	-60.789	1192.6	0.054		
2022/3/21    	0.248	-60.761	1192.6	0.055		
2022/3/22    	0.249	-60.502	1192.5	0.056		
2022/3/23    	0.248	-59.926	1192.5	0.057		
2022/3/24    	0.248	-59.97	1192.5	0.059		
2022/3/25    	0.248	-60.042	1192.4	0.062		
2022/3/26    	0.247	-59.854	1192.4	0.064		
2022/3/27    	0.247	-59.91	1192.4	0.066		
2022/3/28    	0.247	-59.784	1192.3	0.066		
2022/3/29    	0.245	-59.715	1192.2	0.064		
2022/3/30    	0.245	-59.808	1192.1	0.061		
2022/3/31    	0.245	-59.939	1192.1	0.057		
2022/4/1    	0.244	-60.333	1192	0.055		
2022/4/2    	0.244	-60.543	1192	0.053		
2022/4/3    	0.244	-60.643	1192	0.051		
2022/4/4    	0.245	-60.663	1192	0.048		
2022/4/5    	0.247	-60.538	1192	0.045		
2022/4/6    	0.246	-60.404	1192.1	0.045		
2022/4/7    	0.246	-60.237	1192.2	0.045		
2022/4/8    	0.244	-60.131	1192.2	0.044		
2022/4/9    	0.242	-59.994	1192.2	0.042		
2022/4/10    	0.241	-60.072	1192.2	0.04		
2022/4/11    	0.24	-60.26	1192.2	0.039		
2022/4/12    	0.239	-60.367	1192.2	0.039		
2022/4/13    	0.238	-60.818	1192.2	0.039		
2022/4/14    	0.235	-61.334	1192.3	0.04		
2022/4/15    	0.235	-61.552	1192.4	0.04		
2022/4/16    	0.237	-61.79	1192.4	0.04		
2022/4/17    	0.237	-61.699	1192.4	0.04		
2022/4/18    	0.237	-61.495	1192.3	0.039		
2022/4/19    	0.239	-61.72	1192.3	0.039		
2022/4/20    	0.239	-61.78	1192.4	0.04		
2022/4/21    	0.239	-61.933	1192.4	0.043		
2022/4/22    	0.238	-61.869	1192.5	0.046		
2022/4/23    	0.239	-61.903	1192.5	0.049		
2022/4/24    	0.239	-61.785	1192.5	0.05		
2022/4/25    	0.24	-62.003	1192.5	0.048		
2022/4/26    	0.239	-62.084	1192.4	0.046		
2022/4/27    	0.24	-62.333	1192.4	0.039		
2022/4/28    	0.242	-62.78	1192.4	0.036		
2022/4/29    	0.243	-62.983	1192.3	0.033		
2022/4/30    	0.243	-62.521	1192.3	0.031		
2022/5/1    	0.243	-62.406	1192.3	0.029		
2022/5/2    	0.244	-62.339	1192.3	0.027		
2022/5/3    	0.245	-62.103	1192.3	0.026		
2022/5/4    	0.245	-62.219	1192.3	0.026		
2022/5/5    	0.246	-62.202	1192.3	0.026		
2022/5/6    	0.246	-62.247	1192.2	0.024		
2022/5/7    	0.246	-62.212	1192.1	0.021		
2022/5/8    	0.246	-62.017	1192	0.018		
2022/5/9    	0.246	-62.195	1192	0.016		
2022/5/10    	0.247	-62.001	1192	0.016		
2022/5/11    	0.247	-61.969	1192	0.015		
2022/5/12    	0.248	-61.648	1192.1	0.016		
2022/5/13    	0.248	-61.248	1192.1	0.016		
2022/5/14    	0.249	-60.603	1192.1	0.015		
2022/5/15    	0.249	-60.25	1192.1	0.013		
2022/5/16    	0.248	-59.761	1192.1	0.01		
2022/5/17    	0.248	-59.572	1192.1	0.009		
2022/5/18    	0.248	-59.332	1192.2	0.011		
2022/5/19    	0.245	-58.624	1192.2	0.014		
2022/5/20    	0.245	-58.397	1192.3	0.015		
2022/5/21    	0.245	-58.354	1192.3	0.015		
2022/5/22    	0.244	-58.383	1192.4	0.014		
2022/5/23    	0.244	-58.481	1192.4	0.012		
2022/5/24    	0.244	-58.581	1192.4	0.01		
2022/5/25    	0.245	-58.405	1192.5	0.007		
2022/5/26    	0.246	-58.343	1192.5	0.008		
2022/5/27    	0.247	-57.696	1192.6	0.007		
2022/5/28    	0.248	-57.168	1192.6	0.007		
2022/5/29    	0.248	-56.726	1192.7	0.004		
2022/5/30    	0.247	-56.725	1192.7	0.003		
2022/5/31    	0.246	-56.385	1192.7	0.003		
2022/6/1    	0.245	-56.242	1192.7	0.004		
2022/6/2    	0.245	-56.278	1192.6	0.003		
2022/6/3    	0.246	-55.988	1192.5	0.001		
2022/6/4    	0.244	-55.667	1192.4	-0.002		
2022/6/5    	0.243	-55.696	1192.4	-0.005		
2022/6/6    	0.243	-55.951	1192.3	-0.006		
2022/6/7    	0.244	-56.341	1192.2	-0.006		
2022/6/8    	0.246	-56.185	1192.2	-0.006		
2022/6/9    	0.246	-56.333	1192.2	-0.003		
2022/6/10    	0.247	-56.103	1192.2	-0.002		
2022/6/11    	0.247	-55.854	1192.1	-0.002		
2022/6/12    	0.247	-56.641	1192	-0.006		
2022/6/13    	0.248	-56.685	1191.9	-0.009		
2022/6/14    	0.247	-56.476	1191.9	-0.009		
2022/6/15    	0.247	-56.45	1191.9	-0.006		
2022/6/16    	0.245	-56.646	1191.9	-0.002		
2022/6/17    	0.243	-57.103	1191.9	0		
2022/6/18    	0.244	-57.353	1192	0		
2022/6/19    	0.244	-57.584	1192	-0.001		
2022/6/20    	0.243	-57.786	1192.1	-0.002		
2022/6/21    	0.244	-57.728	1192.1	-0.002		
2022/6/22    	0.246	-57.902	1192.1	-0.002		
2022/6/23    	0.248	-57.861	1192.2	0		
2022/6/24    	0.248	-57.734	1192.3	0.001		
2022/6/25    	0.248	-57.472	1192.4	0.002		
2022/6/26    	0.248	-57.779	1192.5	0.002		
2022/6/27    	0.247	-57.726	1192.6	0.003		
2022/6/28    	0.248	-58.231	1192.6	0.004		
2022/6/29    	0.248	-58.167	1192.7	0.004		
2022/6/30    	0.247	-58.211	1192.7	0.003		
2022/7/1    	0.247	-58.287	1192.6	0.001		
2022/7/2    	0.246	-58.146	1192.6	-0.001		
2022/7/3    	0.244	-58.49	1192.6	-0.001		
2022/7/4    	0.245	-58.839	1192.5	-0.001		
2022/7/5    	0.246	-58.774	1192.4	-0.001		
2022/7/6    	0.247	-59.124	1192.4	0		
2022/7/7    	0.247	-59.293	1192.3	0.002		
2022/7/8    	0.247	-59.555	1192.2	0.004		
2022/7/9    	0.246	-59.356	1192.1	0.003		
2022/7/10    	0.246	-59.138	1192	0		
2022/7/11    	0.247	-59.109	1191.9	-0.002		
2022/7/12    	0.247	-58.785	1191.8	0		
2022/7/13    	0.247	-58.887	1191.8	0.006		
2022/7/14    	0.246	-59.17	1191.7	0.011		
2022/7/15    	0.246	-59.511	1191.7	0.014		
2022/7/16    	0.249	-59.55	1191.7	0.015		
2022/7/17    	0.249	-59.434	1191.7	0.015		
2022/7/18    	0.249	-59.699	1191.7	0.015		
2022/7/19    	0.251	-59.657	1191.7	0.016		
2022/7/20    	0.253	-59.481	1191.7	0.018		
2022/7/21    	0.254	-59.511	1191.7	0.02		
2022/7/22    	0.252	-58.689	1191.8	0.022		
2022/7/23    	0.252	-58.419	1191.8	0.023		
2022/7/24    	0.25	-58.396	1191.9	0.025		
2022/7/25    	0.248	-58.366	1192	0.027		
2022/7/26    	0.247	-58.499	1192.1	0.028		
2022/7/27    	0.247	-58.405	1192.1	0.028		
2022/7/28    	0.245	-58.189	1192.2	0.027		
2022/7/29    	0.244	-58.357	1192.2	0.026		
2022/7/30    	0.244	-58.45	1192.2	0.026		
2022/7/31    	0.244	-58.591	1192.2	0.025		
2022/8/1    	0.245	-58.689	1192.2	0.025		
2022/8/2    	0.246	-58.633	1192.2	0.024		
2022/8/3    	0.246	-58.575	1192.2	0.023		
2022/8/4    	0.246	-58.547	1192.2	0.023		
2022/8/5    	0.245	-58.04	1192.2	0.023		
2022/8/6    	0.245	-57.766	1192.1	0.021		
2022/8/7    	0.246	-57.514	1192	0.019		
2022/8/8    	0.245	-57.497	1192	0.02		
2022/8/9    	0.245	-57.481	1192	0.024		
2022/8/10    	0.245	-57.451	1191.9	0.03		
2022/8/11    	0.246	-57.221	1191.9	0.035		
2022/8/12    	0.245	-57.01	1191.9	0.036		
2022/8/13    	0.245	-57.014	1191.9	0.037		
2022/8/14    	0.244	-56.935	1191.9	0.037		
2022/8/15    	0.243	-56.682	1191.8	0.038		
2022/8/16    	0.243	-57.056	1191.8	0.039		
2022/8/17    	0.244	-56.884	1191.7	0.041		
2022/8/18    	0.244	-56.669	1191.7	0.043		
2022/8/19    	0.243	-56.747	1191.7	0.045		
2022/8/20    	0.243	-56.905	1191.8	0.048		
2022/8/21    	0.244	-57.182	1191.8	0.05		
2022/8/22    	0.245	-57.272	1191.8	0.052		
2022/8/23    	0.246	-57.341	1191.8	0.052		
2022/8/24    	0.246	-57.425	1191.8	0.051		
2022/8/25    	0.247	-57.276	1191.7	0.049		
2022/8/26    	0.247	-57.122	1191.7	0.047		
2022/8/27    	0.248	-57.01	1191.7	0.046		
2022/8/28    	0.247	-57.164	1191.8	0.046		
2022/8/29    	0.248	-57.147	1191.8	0.044		
2022/8/30    	0.247	-57.05	1191.9	0.042		
2022/8/31    	0.247	-57.097	1192	0.04		
2022/9/1    	0.247	-57.129	1192	0.037		
2022/9/2    	0.246	-56.908	1192.1	0.034		
2022/9/3    	0.246	-56.523	1192.1	0.031		
2022/9/4    	0.247	-56.231	1192.2	0.029		
2022/9/5    	0.246	-56.191	1192.2	0.03		
2022/9/6    	0.246	-56.214	1192.3	0.034		
2022/9/7    	0.246	-56.372	1192.3	0.038		
2022/9/8    	0.246	-56.332	1192.3	0.04		
2022/9/9    	0.245	-56.597	1192.4	0.041		
2022/9/10    	0.246	-56.765	1192.4	0.04		
2022/9/11    	0.246	-56.859	1192.5	0.04		
2022/9/12    	0.247	-56.643	1192.5	0.041		
2022/9/13    	0.247	-56.614	1192.4	0.042		
2022/9/14    	0.248	-56.452	1192.4	0.044		
2022/9/15    	0.248	-56.112	1192.4	0.046		
2022/9/16    	0.248	-56.107	1192.4	0.047		
2022/9/17    	0.247	-56.062	1192.4	0.049		
2022/9/18    	0.247	-55.972	1192.4	0.051		
2022/9/19    	0.247	-55.802	1192.3	0.052		
2022/9/20    	0.246	-55.9	1192.3	0.05		
2022/9/21    	0.246	-55.907	1192.2	0.048		
2022/9/22    	0.246	-55.843	1192.1	0.045		
2022/9/23    	0.247	-56.048	1192.1	0.043		
2022/9/24    	0.248	-56.239	1192	0.041		
2022/9/25    	0.248	-56.398	1192	0.04		
2022/9/26    	0.248	-56.504	1192.1	0.039		
2022/9/27    	0.249	-56.455	1192.1	0.036		
2022/9/28    	0.248	-56.271	1192.2	0.033		
2022/9/29    	0.249	-56.156	1192.3	0.03		
2022/9/30    	0.249	-55.957	1192.3	0.027		
2022/10/1    	0.249	-55.863	1192.4	0.025		
2022/10/2    	0.249	-56.009	1192.5	0.024		
2022/10/3    	0.248	-56.333	1192.6	0.024		
2022/10/4    	0.248	-56.491	1192.6	0.026		
2022/10/5    	0.247	-56.584	1192.7	0.028		
2022/10/6    	0.246	-56.582	1192.7	0.027		
2022/10/7    	0.246	-56.488	1192.8	0.022		
2022/10/8    	0.246	-56.615	1192.9	0.02		
2022/10/9    	0.245	-56.58	1193	0.02		
2022/10/10    	0.245	-56.402	1193	0.02		
2022/10/11    	0.245	-56.295	1193	0.022		
2022/10/12    	0.244	-56.503	1193	0.023		
2022/10/13    	0.243	-56.934	1193.1	0.024		
2022/10/14    	0.242	-57.07	1193.1	0.026		
2022/10/15    	0.241	-57.173	1193.2	0.028		
2022/10/16    	0.241	-57.218	1193.2	0.03		
2022/10/17    	0.241	-57.021	1193.2	0.03		
2022/10/18    	0.24	-57.121	1193.1	0.028		
2022/10/19    	0.242	-57.115	1193.1	0.025		
2022/10/20    	0.243	-57.258	1193	0.023		
2022/10/21    	0.243	-57.353	1193	0.021		
2022/10/22    	0.244	-57.528	1193	0.019		
2022/10/23    	0.243	-57.425	1193	0.018		
2022/10/24    	0.243	-57.174	1193	0.017		
2022/10/25    	0.243	-57.079	1193	0.015		
2022/10/26    	0.242	-56.964	1193	0.012		
2022/10/27    	0.243	-56.397	1193	0.009		
2022/10/28    	0.243	-56.354	1193	0.007		
2022/10/29    	0.242	-56.115	1193	0.007		
2022/10/30    	0.241	-56.253	1193	0.007		
2022/10/31    	0.242	-56.571	1193	0.008		
2022/11/1    	0.241	-56.703	1193	0.008		
2022/11/2    	0.241	-56.93	1193	0.006		
2022/11/3    	0.24	-57.345	1193	0.004		
2022/11/4    	0.241	-57.554	1193	0		
2022/11/5    	0.242	-57.665	1193.1	-0.004		
2022/11/6    	0.243	-57.752	1193.1	-0.006		
2022/11/7    	0.244	-57.606	1193.1	-0.006		
2022/11/8    	0.245	-57.756	1193.1	-0.005		
2022/11/9    	0.245	-57.548	1193.1	-0.005		
2022/11/10    	0.245	-57.119	1193.2	-0.004		
2022/11/11    	0.244	-56.589	1193.3	-0.002		
2022/11/12    	0.245	-56.484	1193.4	0		
2022/11/13    	0.244	-56.337	1193.4	0.002		
2022/11/14    	0.244	-56.339	1193.5	0.002		
2022/11/15    	0.243	-56.605	1193.5	0.002		
2022/11/16    	0.243	-56.967	1193.5	0.001		
2022/11/17    	0.242	-57.202	1193.5	0.001		
2022/11/18    	0.242	-57.469	1193.5	0.002		
2022/11/19    	0.242	-57.655	1193.6	0.002		
2022/11/20    	0.243	-57.576	1193.6	0.003		
2022/11/21    	0.243	-57.551	1193.7	0.004		
2022/11/22    	0.243	-57.889	1193.7	0.002		
2022/11/23    	0.243	-57.785	1193.7	-0.003		
2022/11/24    	0.243	-57.539	1193.7	-0.007		
2022/11/25    	0.244	-57.49	1193.6	-0.008		
2022/11/26    	0.243	-57.506	1193.5	-0.007		
2022/11/27    	0.242	-57.661	1193.5	-0.005		
2022/11/28    	0.241	-57.56	1193.4	-0.006		
2022/11/29    	0.242	-57.53	1193.4	-0.007		
2022/11/30    	0.241	-57.81	1193.3	-0.009		
2022/12/1    	0.242	-58.039	1193.2	-0.012		
2022/12/2    	0.243	-58.302	1193.1	-0.015		
2022/12/3    	0.244	-57.846	1193.1	-0.017		
2022/12/4    	0.245	-57.855	1193	-0.017		
2022/12/5    	0.247	-57.606	1193	-0.016		
2022/12/6    	0.247	-57.389	1193	-0.015		
2022/12/7    	0.247	-57.289	1193	-0.014		
2022/12/8    	0.246	-56.961	1193	-0.013		
2022/12/9    	0.246	-57.062	1193	-0.012		
2022/12/10    	0.245	-57.37	1193.1	-0.011		
2022/12/11    	0.245	-57.599	1193.1	-0.011		
2022/12/12    	0.244	-57.319	1193.1	-0.012		
2022/12/13    	0.243	-57.876	1193.1	-0.013		
2022/12/14    	0.242	-58.126	1193.1	-0.013		
2022/12/15    	0.241	-58.274	1193.2	-0.012		
2022/12/16    	0.243	-58.552	1193.3	-0.009		
2022/12/17    	0.244	-58.596	1193.4	-0.004		
2022/12/18    	0.245	-58.536	1193.5	0.001		
2022/12/19    	0.247	-58.228	1193.6	0.005		
2022/12/20    	0.247	-57.99	1193.7	0.005		
2022/12/21    	0.245	-57.84	1193.7	0		
2022/12/22    	0.244	-57.398	1193.7	-0.004		
2022/12/23    	0.243	-57.073	1193.7	-0.005		
2022/12/24    	0.241	-56.962	1193.7	-0.004		
2022/12/25    	0.239	-57.181	1193.6	-0.003		
2022/12/26    	0.237	-57.219	1193.6	-0.005		
2022/12/27    	0.237	-57.253	1193.6	-0.007		
2022/12/28    	0.237	-57.502	1193.5	-0.009		
2022/12/29    	0.238	-57.492	1193.4	-0.011		
2022/12/30    	0.239	-57.297	1193.3	-0.012		
2022/12/31    	0.24	-57.285	1193.2	-0.012		
2023/1/1    	0.242	-57.027	1193.1	-0.009		
2023/1/2    	0.241	-56.797	1193	-0.005		
2023/1/3    	0.241	-56.342	1193	-0.002		
2023/1/4    	0.241	-56.173	1193	-0.001		
2023/1/5    	0.24	-56.225	1193	0		
2023/1/6    	0.24	-56.22	1192.9	0.001		
2023/1/7    	0.24	-56.093	1192.9	0.001		
2023/1/8    	0.239	-56.131	1192.9	0.001		
2023/1/9    	0.238	-56.387	1192.8	0		
2023/1/10    	0.239	-57.121	1192.8	-0.001		
2023/1/11    	0.239	-57.034	1192.8	0		
2023/1/12    	0.24	-57.208	1192.8	0.002		
2023/1/13    	0.242	-57.054	1192.9	0.005		
2023/1/14    	0.245	-56.973	1193	0.011		
2023/1/15    	0.245	-56.853	1193	0.017		
2023/1/16    	0.245	-56.756	1193.1	0.02		
2023/1/17    	0.244	-56.779	1193.1	0.019		
2023/1/18    	0.243	-56.917	1193.2	0.015		
2023/1/19    	0.242	-56.893	1193.4	0.014		
2023/1/20    	0.242	-57.085	1193.4	0.015		
2023/1/21    	0.242	-57.419	1193.4	0.018		
2023/1/22    	0.243	-57.753	1193.4	0.02		
2023/1/23    	0.244	-58.367	1193.5	0.019		
2023/1/24    	0.246	-58.686	1193.5	0.017		
2023/1/25    	0.248	-58.82	1193.5	0.015		
2023/1/26    	0.249	-58.927	1193.5	0.012		
2023/1/27    	0.249	-58.846	1193.4	0.011		
2023/1/28    	0.249	-58.718	1193.3	0.011		
2023/1/29    	0.248	-58.301	1193.2	0.013		
2023/1/30    	0.248	-58.024	1193.2	0.016		
2023/1/31    	0.248	-57.832	1193.1	0.019		
2023/2/1    	0.247	-57.914	1193.1	0.02		
2023/2/2    	0.246	-58.229	1193.1	0.022		
2023/2/3    	0.245	-58.054	1193.1	0.022		
2023/2/4    	0.245	-57.921	1193	0.023		
2023/2/5    	0.245	-57.979	1193	0.024		
2023/2/6    	0.245	-58.32	1192.9	0.025		
2023/2/7    	0.245	-58.534	1192.8	0.027		
2023/2/8    	0.244	-58.677	1192.8	0.029		
2023/2/9    	0.246	-58.225	1192.7	0.032		
2023/2/10    	0.247	-57.701	1192.7	0.034		
2023/2/11    	0.248	-57.329	1192.7	0.038		
2023/2/12    	0.247	-57.134	1192.7	0.04		
2023/2/13    	0.246	-56.774	1192.7	0.04		
2023/2/14    	0.245	-56.641	1192.7	0.037		
2023/2/15    	0.246	-56.661	1192.7	0.035		
2023/2/16    	0.245	-56.754	1192.8	0.035		
2023/2/17    	0.245	-57.045	1192.9	0.04		
2023/2/18    	0.246	-57.323	1192.9	0.044		
2023/2/19    	0.247	-57.03	1192.9	0.046		
2023/2/20    	0.247	-57.561	1192.9	0.045		
2023/2/21    	0.246	-57.802	1193	0.044		
2023/2/22    	0.246	-57.771	1193.1	0.042		
2023/2/23    	0.246	-57.827	1193.1	0.039		
2023/2/24    	0.246	-57.568	1193	0.035		
2023/2/25    	0.245	-57.385	1193	0.033		
2023/2/26    	0.245	-57.311	1193	0.032		
2023/2/27    	0.245	-57.41	1193	0.032		
2023/2/28    	0.243	-57.668	1193.1	0.032		
2023/3/1    	0.242	-57.543	1193.1	0.032		
2023/3/2    	0.241	-57.605	1193.1	0.032		
2023/3/3    	0.241	-57.759	1193.1	0.031		
2023/3/4    	0.241	-58.437	1193	0.031		
2023/3/5    	0.241	-58.427	1193	0.031		
2023/3/6    	0.241	-59.023	1192.9	0.032		
2023/3/7    	0.242	-59.23	1192.8	0.034		
2023/3/8    	0.243	-59.289	1192.7	0.037		
2023/3/9    	0.243	-59.217	1192.7	0.039		
2023/3/10    	0.245	-59.097	1192.6	0.042		
2023/3/11    	0.246	-59.024	1192.6	0.043		
2023/3/12    	0.245	-59.194	1192.5	0.043		
2023/3/13    	0.244	-59.228	1192.4	0.041		
2023/3/14    	0.243	-59.315	1192.4	0.039		
2023/3/15    	0.243	-59.601	1192.4	0.038		
2023/3/16    	0.242	-59.72	1192.4	0.041		
2023/3/17    	0.241	-59.768	1192.3	0.045		
2023/3/18    	0.241	-60.011	1192.2	0.048		
2023/3/19    	0.24	-60.276	1192.1	0.048		
2023/3/20    	0.24	-60.429	1192.1	0.046		
2023/3/21    	0.239	-61.044	1192.1	0.043		
2023/3/22    	0.24	-60.865	1192.2	0.041		
2023/3/23    	0.241	-60.65	1192.2	0.038		
2023/3/24    	0.242	-60.422	1192.2	0.035		
2023/3/25    	0.243	-60.485	1192.2	0.032		
2023/3/26    	0.243	-60.477	1192.3	0.03		
2023/3/27    	0.243	-60.369	1192.4	0.028		
2023/3/28    	0.243	-60.539	1192.5	0.027		
2023/3/29    	0.242	-60.269	1192.5	0.025		
2023/3/30    	0.243	-60.505	1192.6	0.022		
2023/3/31    	0.243	-60.666	1192.6	0.019		
2023/4/1    	0.244	-60.833	1192.6	0.016		
2023/4/2    	0.242	-60.939	1192.6	0.014		
2023/4/3    	0.241	-61.117	1192.5	0.013		
2023/4/4    	0.242	-61.578	1192.5	0.013		
2023/4/5    	0.242	-61.733	1192.4	0.014		
2023/4/6    	0.236	-61.351	1192.4	0.015		
2023/4/7    	0.235	-60.63	1192.4	0.016		
2023/4/8    	0.236	-60.705	1192.3	0.016		
2023/4/9    	0.236	-60.686	1192.3	0.015		
2023/4/10    	0.236	-60.581	1192.2	0.013		
2023/4/11    	0.237	-60.338	1192.2	0.012		
2023/4/12    	0.236	-60.204	1192.1	0.013		
2023/4/13    	0.236	-60.106	1192.1	0.017		
2023/4/14    	0.234	-59.944	1192	0.021		
2023/4/15    	0.233	-60.331	1191.8	0.022		
2023/4/16    	0.232	-60.539	1191.8	0.02		
2023/4/17    	0.232	-60.793	1191.7	0.017		
2023/4/18    	0.234	-61.062	1191.7	0.013		
2023/4/19    	0.235	-60.758	1191.7	0.011		
2023/4/20    	0.236	-60.376	1191.6	0.009		
2023/4/21    	0.235	-59.974	1191.6	0.008		
2023/4/22    	0.237	-60.235	1191.6	0.007		
2023/4/23    	0.238	-60.266	1191.7	0.007		
2023/4/24    	0.238	-59.874	1191.7	0.006		
2023/4/25    	0.237	-59.816	1191.8	0.006		
2023/4/26    	0.236	-60.029	1191.9	0.004		
2023/4/27    	0.235	-59.991	1191.9	0.002		
2023/4/28    	0.234	-60.07	1191.9	-0.002		
2023/4/29    	0.234	-59.668	1191.9	-0.006		
2023/4/30    	0.234	-59.796	1191.9	-0.009		
2023/5/1    	0.233	-60.267	1191.9	-0.01		
2023/5/2    	0.234	-60.55	1191.9	-0.011		
2023/5/3    	0.234	-60.376	1191.9	-0.011		
2023/5/4    	0.234	-60.367	1191.9	-0.011		
2023/5/5    	0.235	-60.074	1192	-0.011		
2023/5/6    	0.243	-61.143	1192	-0.013		
2023/5/7    	0.245	-61.157	1191.9	-0.014		
2023/5/8    	0.245	-61.134	1191.9	-0.014		
2023/5/9    	0.244	-61.289	1191.9	-0.012		
2023/5/10    	0.243	-61.256	1191.9	-0.008		
2023/5/11    	0.242	-61.425	1191.9	-0.004		
2023/5/12    	0.241	-61.594	1191.9	-0.002		
2023/5/13    	0.242	-61.834	1191.9	-0.002		
2023/5/14    	0.242	-62.133	1191.8	-0.004		
2023/5/15    	0.242	-62.088	1191.9	-0.007		
2023/5/16    	0.242	-62.15	1191.9	-0.01		
2023/5/17    	0.242	-62.026	1191.9	-0.011		
2023/5/18    	0.242	-61.836	1191.8	-0.01		
2023/5/19    	0.243	-62.054	1191.8	-0.009		
2023/5/20    	0.243	-62.083	1191.8	-0.009		
2023/5/21    	0.242	-62.185	1191.8	-0.008		
2023/5/22    	0.242	-62.046	1191.8	-0.007		
2023/5/23    	0.241	-62.137	1191.8	-0.006		
2023/5/24    	0.241	-62.449	1191.8	-0.007		
2023/5/25    	0.242	-62.575	1191.8	-0.008		
2023/5/26    	0.242	-62.756	1191.8	-0.011		
2023/5/27    	0.243	-62.77	1191.7	-0.013		
2023/5/28    	0.243	-63.219	1191.7	-0.015		
2023/5/29    	0.243	-63.465	1191.7	-0.016		
2023/5/30    	0.244	-63.251	1191.7	-0.015		
2023/5/31    	0.244	-62.523	1191.7	-0.013		
2023/6/1    	0.245	-61.947	1191.7	-0.013		
2023/6/2    	0.246	-61.807	1191.7	-0.014		
2023/6/3    	0.247	-61.287	1191.7	-0.016		
2023/6/4    	0.247	-60.64	1191.7	-0.017		
2023/6/5    	0.247	-60.501	1191.7	-0.014		
2023/6/6    	0.245	-60.35	1191.7	-0.009		
2023/6/7    	0.243	-60.282	1191.7	-0.005		
2023/6/8    	0.243	-60.252	1191.8	0		
2023/6/9    	0.243	-60.415	1191.8	0.001		
2023/6/10    	0.245	-60.578	1191.9	0.001		
2023/6/11    	0.246	-60.486	1192	0		
2023/6/12    	0.246	-60.411	1192.1	-0.002		
2023/6/13    	0.248	-59.887	1192.1	-0.003		
2023/6/14    	0.248	-59.723	1192.2	-0.001		
2023/6/15    	0.248	-59.269	1192.3	0.001		
2023/6/16    	0.247	-58.951	1192.3	0.004		
2023/6/17    	0.247	-58.634	1192.3	0.005		
2023/6/18    	0.245	-58.307	1192.3	0.007		
2023/6/19    	0.245	-58.325	1192.4	0.008		
2023/6/20    	0.243	-58.534	1192.3	0.009		
2023/6/21    	0.243	-58.62	1192.3	0.009		
2023/6/22    	0.243	-58.891	1192.3	0.008		
2023/6/23    	0.241	-59.074	1192.2	0.007		
2023/6/24    	0.242	-59.039	1192.2	0.006		
2023/6/25    	0.243	-58.629	1192.1	0.006		
2023/6/26    	0.243	-58.498	1192	0.007		
2023/6/27    	0.243	-58.287	1191.9	0.009		
2023/6/28    	0.244	-58.262	1191.9	0.012		
2023/6/29    	0.243	-58.192	1191.8	0.013		
2023/6/30    	0.243	-58.083	1191.8	0.01		
2023/7/1    	0.243	-58.022	1191.8	0.007		
2023/7/2    	0.241	-57.918	1191.8	0.007		
2023/7/3    	0.241	-57.93	1191.8	0.01		
2023/7/4    	0.239	-58.24	1191.7	0.016		
2023/7/5    	0.239	-58.34	1191.7	0.02		
2023/7/6    	0.239	-58.516	1191.7	0.022		
2023/7/7    	0.24	-58.354	1191.8	0.023		
2023/7/8    	0.241	-58.531	1191.9	0.023		
2023/7/9    	0.241	-58.679	1192	0.022		
2023/7/10    	0.241	-58.661	1192.1	0.021		
2023/7/11    	0.243	-58.639	1192.2	0.021		
2023/7/12    	0.243	-58.512	1192.3	0.024		
2023/7/13    	0.243	-58.742	1192.3	0.028		
2023/7/14    	0.244	-58.615	1192.4	0.03		
2023/7/15    	0.245	-58.416	1192.5	0.031		
2023/7/16    	0.243	-58.508	1192.6	0.033		
2023/7/17    	0.244	-58.65	1192.7	0.034		
2023/7/18    	0.244	-58.981	1192.7	0.035		
2023/7/19    	0.244	-59.3	1192.7	0.035		
2023/7/20    	0.244	-58.864	1192.7	0.035		
2023/7/21    	0.243	-58.758	1192.7	0.034		
2023/7/22    	0.243	-58.711	1192.7	0.034		
2023/7/23    	0.244	-58.621	1192.6	0.034		
2023/7/24    	0.245	-58.587	1192.5	0.035		
2023/7/25    	0.246	-58.493	1192.5	0.038		
2023/7/26    	0.247	-58.398	1192.4	0.039		
2023/7/27    	0.245	-57.99	1192.3	0.038		
2023/7/28    	0.244	-57.937	1192.2	0.035		
2023/7/29    	0.244	-58.01	1192.2	0.032		
2023/7/30    	0.243	-57.885	1192.2	0.033		
2023/7/31    	0.243	-58.149	1192.1	0.035		
2023/8/1    	0.242	-58.163	1192	0.038		
2023/8/2    	0.242	-58.597	1192	0.038		
2023/8/3    	0.241	-58.706	1192	0.038		
2023/8/4    	0.241	-58.842	1192.1	0.038		
2023/8/5    	0.241	-59.137	1192.1	0.037		
2023/8/6    	0.241	-59.254	1192.1	0.035		
2023/8/7    	0.24	-59.313	1192.2	0.034		
2023/8/8    	0.24	-59.358	1192.2	0.035		
2023/8/9    	0.239	-59.015	1192.2	0.039		
2023/8/10    	0.238	-58.714	1192.3	0.043		
2023/8/11    	0.237	-58.776	1192.3	0.045		
2023/8/12    	0.237	-58.739	1192.4	0.046		
2023/8/13    	0.236	-58.61	1192.5	0.047		
2023/8/14    	0.236	-58.489	1192.6	0.047		
2023/8/15    	0.237	-58.74	1192.6	0.047		
2023/8/16    	0.237	-58.697	1192.7	0.046		
2023/8/17    	0.238	-58.285	1192.7	0.045		
2023/8/18    	0.239	-58.073	1192.7	0.044		
2023/8/19    	0.239	-57.907	1192.7	0.043		
2023/8/20    	0.241	-57.763	1192.8	0.042		
2023/8/21    	0.242	-57.38	1192.8	0.041		
2023/8/22    	0.242	-57.5	1192.8	0.041		
2023/8/23    	0.241	-57.462	1192.7	0.039		
2023/8/24    	0.24	-57.1	1192.7	0.036		
2023/8/25    	0.24	-57.03	1192.7	0.031		
2023/8/26    	0.24	-57.203	1192.7	0.029		
2023/8/27    	0.24	-57.01	1192.7	0.031		
2023/8/28    	0.24	-56.87	1192.7	0.033		
2023/8/29    	0.239	-56.898	1192.5	0.034		
2023/8/30    	0.238	-56.705	1192.5	0.032		
2023/8/31    	0.238	-56.787	1192.5	0.031		
2023/9/1    	0.239	-56.989	1192.6	0.03		
2023/9/2    	0.24	-57.091	1192.6	0.029		
2023/9/3    	0.241	-57.026	1192.6	0.027		
2023/9/4    	0.241	-56.775	1192.6	0.025		
2023/9/5    	0.242	-56.616	1192.5	0.027		
2023/9/6    	0.243	-56.38	1192.5	0.03		
2023/9/7    	0.243	-56.358	1192.4	0.034		
2023/9/8    	0.243	-56.591	1192.4	0.037		
2023/9/9    	0.244	-56.609	1192.4	0.037		
2023/9/10    	0.243	-56.525	1192.4	0.037		
2023/9/11    	0.242	-56.531	1192.5	0.036		
2023/9/12    	0.243	-56.923	1192.5	0.035		
2023/9/13    	0.242	-56.934	1192.5	0.034		
2023/9/14    	0.242	-57.011	1192.5	0.032		
2023/9/15    	0.242	-57.291	1192.5	0.03		
2023/9/16    	0.24	-57.612	1192.6	0.028		
2023/9/17    	0.24	-57.82	1192.6	0.025		
2023/9/18    	0.241	-57.978	1192.7	0.023		
2023/9/19    	0.241	-58.265	1192.8	0.021		
2023/9/20    	0.241	-58.47	1192.8	0.016		
2023/9/21    	0.24	-58.47	1192.8	0.01		
2023/9/22    	0.241	-58.398	1192.9	0.005		
2023/9/23    	0.241	-58.844	1193	0.003		
2023/9/24    	0.241	-58.852	1193	0.005		
2023/9/25    	0.241	-59.081	1193	0.007		
2023/9/26    	0.241	-59.16	1193	0.007		
2023/9/27    	0.242	-59.26	1193	0.005		
2023/9/28    	0.242	-59.386	1193.1	0.004		
2023/9/29    	0.244	-59.455	1193.1	0.003		
2023/9/30    	0.244	-59.275	1193.2	0.003		
2023/10/1    	0.244	-58.976	1193.1	0.002		
2023/10/2    	0.244	-58.641	1193.1	0.002		
2023/10/3    	0.244	-58.544	1193	0.004		
2023/10/4    	0.244	-58.315	1192.9	0.008		
2023/10/5    	0.243	-58.321	1192.9	0.011		
2023/10/6    	0.241	-58.321	1192.8	0.013		
2023/10/7    	0.24	-58.369	1192.8	0.014		
2023/10/8    	0.239	-58.35	1192.7	0.013		
2023/10/9    	0.238	-58.816	1192.7	0.012		
2023/10/10    	0.238	-59.114	1192.6	0.01		
2023/10/11    	0.239	-59.168	1192.6	0.009		
2023/10/12    	0.239	-59.278	1192.6	0.007		
2023/10/13    	0.239	-59.485	1192.5	0.005		
2023/10/14    	0.238	-59.458	1192.6	0.004		
2023/10/15    	0.239	-59.277	1192.6	0.002		
2023/10/16    	0.239	-58.999	1192.7	0		
2023/10/17    	0.24	-59.076	1192.7	-0.003		
2023/10/18    	0.24	-58.999	1192.8	-0.007		
2023/10/19    	0.24	-58.751	1192.9	-0.011		
2023/10/20    	0.24	-58.635	1193	-0.014		
2023/10/21    	0.24	-58.639	1193	-0.015		
2023/10/22    	0.239	-58.503	1193.1	-0.013		
2023/10/23    	0.238	-58.628	1193	-0.012		
2023/10/24    	0.238	-58.88	1193	-0.013		
2023/10/25    	0.239	-59.011	1193.1	-0.015		
2023/10/26    	0.24	-59.348	1193.2	-0.02		
2023/10/27    	0.24	-59.529	1193.3	-0.018		
2023/10/28    	0.24	-59.556	1193.3	-0.018		
2023/10/29    	0.238	-59.828	1193.3	-0.019		
2023/10/30    	0.238	-59.77	1193.3	-0.019		
2023/10/31    	0.237	-59.799	1193.3	-0.017		
2023/11/1    	0.236	-59.76	1193.2	-0.014		
2023/11/2    	0.236	-59.799	1193.2	-0.011		
2023/11/3    	0.236	-59.714	1193.2	-0.009		
2023/11/4    	0.237	-59.686	1193.1	-0.008		
2023/11/5    	0.236	-59.701	1193.1	-0.008		
2023/11/6    	0.237	-59.599	1193.1	-0.008		
2023/11/7    	0.237	-59.848	1193	-0.009		
2023/11/8    	0.238	-59.671	1193	-0.01		
2023/11/9    	0.238	-59.442	1192.9	-0.011		
2023/11/10    	0.238	-59.495	1192.9	-0.011		
2023/11/11    	0.238	-59.37	1192.9	-0.01		
2023/11/12    	0.237	-59.568	1192.9	-0.01		
2023/11/13    	0.238	-58.865	1192.9	-0.01		
2023/11/14    	0.237	-58.787	1192.9	-0.011		
2023/11/15    	0.236	-58.926	1193	-0.013		
2023/11/16    	0.235	-58.047	1193	-0.015		
2023/11/17    	0.234	-58.164	1193	-0.014		
2023/11/18    	0.233	-57.887	1193.1	-0.013		
2023/11/19    	0.232	-58.114	1193	-0.011		
2023/11/20    	0.231	-58.389	1193	-0.011		
2023/11/21    	0.233	-58.73	1193	-0.013		
2023/11/22    	0.234	-58.768	1193	-0.016		
2023/11/23    	0.233	-58.5	1193.1	-0.019		
2023/11/24    	0.233	-58.233	1193.1	-0.021		
2023/11/25    	0.232	-57.963	1193.2	-0.022		
2023/11/26    	0.232	-57.858	1193.1	-0.023		
2023/11/27    	0.232	-57.323	1193.1	-0.023		
2023/11/28    	0.234	-56.886	1193.1	-0.021		
2023/11/29    	0.234	-56.596	1193.1	-0.019		
2023/11/30    	0.233	-56.276	1193.1	-0.016		
2023/12/1    	0.233	-56.367	1193.1	-0.014		
2023/12/2    	0.232	-56.616	1193.1	-0.014		
2023/12/3    	0.23	-57.056	1193.2	-0.014		
2023/12/4    	0.23	-57.219	1193.2	-0.014		
2023/12/5    	0.231	-57.595	1193.2	-0.014		
2023/12/6    	0.231	-57.522	1193.2	-0.013		
2023/12/7    	0.232	-57.64	1193.2	-0.012		
2023/12/8    	0.232	-57.727	1193.2	-0.008		
2023/12/9    	0.234	-57.517	1193.2	-0.004		
2023/12/10    	0.233	-57.597	1193.2	-0.002		
2023/12/11    	0.234	-57.361	1193.3	-0.001		
2023/12/12    	0.234	-57.151	1193.3	-0.001		
2023/12/13    	0.232	-57.401	1193.3	-0.001		
2023/12/14    	0.233	-57.552	1193.3	0		
2023/12/15    	0.233	-58.275	1193.3	0.002		
2023/12/16    	0.232	-58.749	1193.2	0.004		
2023/12/17    	0.231	-59.004	1193.2	0.004		
2023/12/18    	0.233	-59.556	1193.2	0.004		
2023/12/19    	0.235	-59.731	1193.2	0.002		
2023/12/20    	0.236	-59.896	1193.2	-0.001		
2023/12/21    	0.237	-60.223	1193.2	-0.004		
2023/12/22    	0.239	-60.179	1193.2	-0.004		
2023/12/23    	0.239	-60.549	1193.1	-0.004		
2023/12/24    	0.239	-60.294	1193.1	-0.003		
2023/12/25    	0.24	-59.945	1193	-0.003		
2023/12/26    	0.241	-59.957	1193	-0.003		
2023/12/27    	0.241	-60.053	1192.9	-0.003		
2023/12/28    	0.24	-60.068	1192.9	-0.002		
2023/12/29    	0.239	-60.465	1192.9	-0.002		
2023/12/30    	0.24	-60.656	1192.9	-0.003		
2023/12/31    	0.24	-61.124	1193	-0.004		
2024/1/1    	0.241	-61.125	1193	-0.004		
2024/1/2    	0.241	-61.119	1193	-0.003		
2024/1/3    	0.242	-61.281	1193.1	-0.001		
2024/1/4    	0.242	-60.934	1193.1	0.004		
2024/1/5    	0.242	-60.944	1193.2	0.01		
2024/1/6    	0.241	-60.709	1193.2	0.015		
2024/1/7    	0.24	-60.544	1193.3	0.018		
2024/1/8    	0.239	-60.524	1193.4	0.019		
2024/1/9    	0.239	-60.208	1193.5	0.019		
2024/1/10    	0.238	-59.879	1193.6	0.02		
2024/1/11    	0.237	-59.746	1193.6	0.022		
2024/1/12    	0.239	-59.709	1193.6	0.024		
2024/1/13    	0.238	-59.875	1193.6	0.024		
2024/1/14    	0.238	-59.464	1193.6	0.024		
2024/1/15    	0.239	-59.209	1193.6	0.025		
2024/1/16    	0.238	-59.121	1193.6	0.024		
2024/1/17    	0.238	-58.902	1193.5	0.021		
2024/1/18    	0.237	-58.862	1193.5	0.019		
2024/1/19    	0.237	-58.76	1193.5	0.019		
2024/1/20    	0.235	-58.211	1193.4	0.021		
2024/1/21    	0.236	-58.201	1193.3	0.022		
2024/1/22    	0.235	-57.96	1193.2	0.022		
2024/1/23    	0.237	-58.167	1193.2	0.02		
2024/1/24    	0.236	-58.082	1193.1	0.019		
2024/1/25    	0.236	-58.109	1193.1	0.018		
2024/1/26    	0.235	-58.41	1193.1	0.017		
2024/1/27    	0.235	-58.64	1193	0.016		
2024/1/28    	0.235	-58.877	1193	0.015		
2024/1/29    	0.235	-58.967	1193	0.015		
2024/1/30    	0.234	-58.9	1193	0.016		
2024/1/31    	0.235	-58.885	1193	0.018		
2024/2/1    	0.236	-58.81	1193	0.022		
2024/2/2    	0.235	-58.76	1193	0.027		
2024/2/3    	0.234	-58.769	1193	0.031		
2024/2/4    	0.234	-58.607	1193.1	0.032		
2024/2/5    	0.233	-58.764	1193.3	0.032		
2024/2/6    	0.234	-58.785	1193.5	0.033		
2024/2/7    	0.234	-58.894	1193.7	0.036		
2024/2/8    	0.233	-59.038	1193.7	0.04		
2024/2/9    	0.235	-59.578	1193.7	0.04		
2024/2/10    	0.235	-59.634	1193.7	0.039		
2024/2/11    	0.234	-59.71	1193.8	0.039		
2024/2/12    	0.234	-59.721	1193.8	0.038		
2024/2/13    	0.235	-59.534	1193.8	0.036		
2024/2/14    	0.236	-59.72	1193.8	0.032		
2024/2/15    	0.238	-59.353	1193.8	0.028		
2024/2/16    	0.236	-59.561	1193.8	0.028		
2024/2/17    	0.236	-59.334	1193.7	0.029		
2024/2/18    	0.236	-59.126	1193.6	0.03		
2024/2/19    	0.238	-59.078	1193.5	0.029		
2024/2/20    	0.237	-58.921	1193.5	0.027		
2024/2/21    	0.238	-58.968	1193.5	0.025		
2024/2/22    	0.238	-59.241	1193.4	0.024		
2024/2/23    	0.238	-60.009	1193.4	0.022		
2024/2/24    	0.238	-60.154	1193.3	0.021		
2024/2/25    	0.239	-60.296	1193.2	0.021		
2024/2/26    	0.24	-60.243	1193.2	0.021		
2024/2/27    	0.243	-60.186	1193.1	0.021		
2024/2/28    	0.245	-60.046	1193	0.023		
2024/2/29    	0.245	-60.011	1193	0.025		
2024/3/1    	0.246	-59.856	1192.9	0.027		
2024/3/2    	0.245	-59.621	1192.9	0.027		
2024/3/3    	0.245	-59.513	1192.9	0.026		
2024/3/4    	0.243	-59.532	1193	0.026		
2024/3/5    	0.243	-59.738	1193.2	0.028		
2024/3/6    	0.243	-59.997	1193.3	0.033		
2024/3/7    	0.243	-60.166	1193.3	0.036		
2024/3/8    	0.243	-60.428	1193.2	0.036		
2024/3/9    	0.244	-60.645	1193.2	0.033		
2024/3/10    	0.243	-60.771	1193.3	0.031		
2024/3/11    	0.245	-60.83	1193.4	0.03		
2024/3/12    	0.246	-61.103	1193.4	0.027		
2024/3/13    	0.248	-60.945	1193.4	0.021		
2024/3/14    	0.248	-60.992	1193.5	0.017		
2024/3/15    	0.248	-60.753	1193.5	0.016		
2024/3/16    	0.249	-60.562	1193.4	0.016		
2024/3/17    	0.249	-60.409	1193.4	0.015		
2024/3/18    	0.248	-60.594	1193.4	0.013		
2024/3/19    	0.247	-60.449	1193.4	0.01		
2024/3/20    	0.246	-60.408	1193.4	0.007		
2024/3/21    	0.244	-60.449	1193.4	0.005		
2024/3/22    	0.242	-60.486	1193.3	0.004		
2024/3/23    	0.241	-60.65	1193.3	0.002		
2024/3/24    	0.241	-60.262	1193.2	0.001		
2024/3/25    	0.242	-59.97	1193.1	0		
2024/3/26    	0.242	-59.656	1193	0		
2024/3/27    	0.241	-59.7	1193	0.001		
2024/3/28    	0.24	-59.668	1192.9	0.003		
2024/3/29    	0.239	-59.579	1192.8	0.003		
2024/3/30    	0.239	-59.281	1192.7	0.002		
2024/3/31    	0.238	-59.584	1192.7	0		
2024/4/1    	0.238	-59.581	1192.7	0		
2024/4/2    	0.238	-59.722	1192.7	0.003		
2024/4/3    	0.238	-59.557	1192.6	0.008		
2024/4/4    	0.237	-59.415	1192.5	0.01		
2024/4/5    	0.236	-59.372	1192.4	0.009		
2024/4/6    	0.235	-59.409	1192.3	0.007		
2024/4/7    	0.236	-59.464	1192.4	0.004		
2024/4/8    	0.237	-59.309	1192.4	0.003		
2024/4/9    	0.238	-59.304	1192.5	0.001		
2024/4/10    	0.238	-59.121	1192.5	-0.002		
2024/4/11    	0.238	-59.101	1192.6	-0.004		
2024/4/12    	0.238	-58.987	1192.6	-0.005		
2024/4/13    	0.238	-58.649	1192.6	-0.005		
2024/4/14    	0.237	-58.787	1192.7	-0.006		
2024/4/15    	0.237	-58.774	1192.7	-0.009		
2024/4/16    	0.237	-58.86	1192.7	-0.012		
2024/4/17    	0.236	-58.983	1192.8	-0.015		
2024/4/18    	0.236	-59.101	1192.8	-0.018		
2024/4/19    	0.237	-59.199	1192.9	-0.02		
2024/4/20    	0.238	-59.426	1192.8	-0.022		
2024/4/21    	0.239	-59.189	1192.8	-0.024		
2024/4/22    	0.239	-59.18	1192.7	-0.025		
2024/4/23    	0.239	-59.384	1192.7	-0.026		
2024/4/24    	0.24	-59.38	1192.6	-0.025		
2024/4/25    	0.24	-59.509	1192.6	-0.023		
2024/4/26    	0.24	-59.192	1192.5	-0.023		
2024/4/27    	0.241	-59.02	1192.4	-0.024		
2024/4/28    	0.241	-58.965	1192.4	-0.024		
2024/4/29    	0.241	-58.833	1192.4	-0.022		
2024/4/30    	0.24	-58.158	1192.3	-0.018		
2024/5/1    	0.24	-57.93	1192.2	-0.014		
2024/5/2    	0.24	-57.619	1192.1	-0.013		
2024/5/3    	0.239	-57.695	1191.9	-0.014		
2024/5/4    	0.239	-57.743	1191.9	-0.016		
2024/5/5    	0.239	-57.873	1191.9	-0.016		
2024/5/6    	0.24	-57.791	1191.8	-0.015		
2024/5/7    	0.241	-57.909	1191.8	-0.014		
2024/5/8    	0.24	-57.636	1191.8	-0.012		
2024/5/9    	0.24	-57.272	1191.8	-0.01		
2024/5/10    	0.241	-57.27	1191.8	-0.007		
2024/5/11    	0.24	-56.997	1191.8	-0.006		
2024/5/12    	0.241	-57.092	1191.9	-0.006		
2024/5/13    	0.241	-56.952	1191.9	-0.007		
2024/5/14    	0.241	-57.146	1192	-0.009		
2024/5/15    	0.24	-57.003	1192.1	-0.011		
2024/5/16    	0.241	-56.729	1192.1	-0.013		
2024/5/17    	0.241	-56.816	1192.2	-0.015		
2024/5/18    	0.24	-56.99	1192.2	-0.017		
2024/5/19    	0.241	-57.149	1192.2	-0.018		
2024/5/20    	0.241	-57.337	1192.2	-0.019		
2024/5/21    	0.241	-57.484	1192.2	-0.019		
2024/5/22    	0.24	-57.347	1192.2	-0.018		
2024/5/23    	0.24	-57.196	1192.1	-0.018		
2024/5/24    	0.241	-57.102	1192.1	-0.017		
2024/5/25    	0.241	-57.249	1192.1	-0.015		
2024/5/26    	0.241	-57.3	1192.1	-0.013		
2024/5/27    	0.24	-57.382	1192.1	-0.01		
2024/5/28    	0.24	-57.578	1192	-0.005		
2024/5/29    	0.239	-57.729	1192	-0.002		
2024/5/30    	0.24	-58.097	1191.9	-0.001		
2024/5/31    	0.241	-58.342	1191.8	-0.001		
2024/6/1    	0.243	-59.217	1191.8	-0.001		
2024/6/2    	0.244	-59.518	1191.8	0		
2024/6/3    	0.244	-59.343	1191.8	0.002		
2024/6/4    	0.243	-59.206	1191.8	0.006		
2024/6/5    	0.242	-58.833	1191.8	0.01		
2024/6/6    	0.242	-58.615	1191.8	0.014		
2024/6/7    	0.243	-59.092	1191.7	0.017		
2024/6/8    	0.242	-59.348	1191.7	0.02		
2024/6/9    	0.24	-59.846	1191.7	0.022		
2024/6/10    	0.239	-60.127	1191.7	0.022		
2024/6/11    	0.239	-60.418	1191.8	0.022		
2024/6/12    	0.239	-60.669	1191.8	0.022		
2024/6/13    	0.241	-60.836	1191.8	0.022		
2024/6/14    	0.241	-61.24	1191.9	0.021		
2024/6/15    	0.242	-61.483	1191.9	0.021		
2024/6/16    	0.242	-61.308	1191.8	0.02		
2024/6/17    	0.243	-60.978	1191.8	0.02		
2024/6/18    	0.243	-60.723	1191.8	0.02		
2024/6/19    	0.242	-60.333	1191.8	0.019		
2024/6/20    	0.243	-60.262	1191.8	0.019		
2024/6/21    	0.244	-60.259	1191.8	0.02		
2024/6/22    	0.243	-60.217	1191.8	0.023		
2024/6/23    	0.242	-60.207	1191.8	0.027		
2024/6/24    	0.241	-60.503	1191.8	0.031		
2024/6/25    	0.24	-60.211	1191.8	0.034		
2024/6/26    	0.24	-60.149	1191.8	0.035		
2024/6/27    	0.24	-60.381	1191.8	0.036		
2024/6/28    	0.241	-60.555	1191.9	0.036		
2024/6/29    	0.241	-60.697	1192	0.035		
2024/6/30    	0.241	-60.395	1192	0.036		
2024/7/1    	0.24	-59.899	1192.1	0.039		
2024/7/2    	0.24	-59.383	1192.2	0.042		
2024/7/3    	0.24	-58.988	1192.2	0.046		
2024/7/4    	0.24	-59.081	1192.2	0.048		
2024/7/5    	0.239	-59.058	1192.2	0.05		
2024/7/6    	0.239	-58.772	1192.1	0.052		
2024/7/7    	0.238	-58.712	1192.2	0.054		
2024/7/8    	0.237	-58.916	1192.2	0.056		
2024/7/9    	0.237	-58.852	1192.2	0.056		
2024/7/10    	0.236	-58.678	1192.2	0.057		
2024/7/11    	0.235	-58.954	1192.2	0.058		
2024/7/12    	0.236	-58.774	1192.2	0.058		
2024/7/13    	0.237	-58.852	1192.2	0.058		
2024/7/14    	0.237	-58.727	1192.2	0.057		
2024/7/15    	0.237	-58.594	1192.1	0.057		
2024/7/16    	0.237	-58.5	1192	0.055		
2024/7/17    	0.236	-58.547	1192	0.053		
2024/7/18    	0.236	-58.478	1192	0.052		
2024/7/19    	0.236	-58.51	1192	0.052		
2024/7/20    	0.235	-58.715	1192	0.053		
2024/7/21    	0.234	-58.85	1192	0.055		
2024/7/22    	0.234	-58.962	1191.9	0.055		
2024/7/23    	0.233	-59.126	1191.9	0.054		
2024/7/24    	0.234	-59.067	1191.9	0.054		
2024/7/25    	0.234	-59.128	1192	0.053		
2024/7/26    	0.235	-59.028	1192.1	0.051		
2024/7/27    	0.238	-58.147	1192.2	0.049		
2024/7/28    	0.238	-57.977	1192.3	0.049		
2024/7/29    	0.238	-57.742	1192.4	0.051		
2024/7/30    	0.237	-57.869	1192.5	0.054		
2024/7/31    	0.236	-57.827	1192.5	0.057		
2024/8/1    	0.235	-58.018	1192.5	0.057		
2024/8/2    	0.235	-58.11	1192.6	0.057		
2024/8/3    	0.235	-57.902	1192.7	0.058		
2024/8/4    	0.236	-57.805	1192.7	0.059		
2024/8/5    	0.236	-57.9	1192.8	0.06		
2024/8/6    	0.236	-57.977	1192.8	0.06		
2024/8/7    	0.237	-57.463	1192.9	0.061		
2024/8/8    	0.239	-57.336	1192.9	0.061		
2024/8/9    	0.241	-57.228	1192.9	0.061		
2024/8/10    	0.242	-56.993	1192.9	0.061		
2024/8/11    	0.242	-56.807	1192.9	0.061		
2024/8/12    	0.241	-56.601	1192.8	0.06		
2024/8/13    	0.241	-56.626	1192.8	0.057		
2024/8/14    	0.24	-56.467	1192.8	0.054		
2024/8/15    	0.24	-56.292	1192.8	0.052		
2024/8/16    	0.239	-56.219	1192.8	0.052		
2024/8/17    	0.237	-56.101	1192.8	0.051		
2024/8/18    	0.237	-56.147	1192.7	0.048		
2024/8/19    	0.236	-56.339	1192.6	0.044		
2024/8/20    	0.235	-56.513	1192.6	0.039		
2024/8/21    	0.235	-56.772	1192.6	0.035		
2024/8/22    	0.237	-56.965	1192.6	0.033		
2024/8/23    	0.239	-56.87	1192.7	0.03		
2024/8/24    	0.238	-57.269	1192.7	0.026		
2024/8/25    	0.238	-57.445	1192.8	0.026		
2024/8/26    	0.236	-57.978	1192.8	0.029		
2024/8/27    	0.235	-57.792	1192.8	0.032		
2024/8/28    	0.234	-57.748	1192.8	0.034		
2024/8/29    	0.234	-57.638	1192.8	0.033		
2024/8/30    	0.233	-57.522	1192.9	0.032		
2024/8/31    	0.231	-57.537	1193	0.032		
2024/9/1    	0.231	-57.263	1193	0.033		
2024/9/2    	0.231	-57.334	1193.1	0.034		
2024/9/3    	0.229	-57.502	1193.2	0.035		
2024/9/4    	0.229	-57.835	1193.3	0.035		
2024/9/5    	0.23	-57.539	1193.3	0.034		
2024/9/6    	0.231	-57.749	1193.4	0.034		
2024/9/7    	0.231	-57.837	1193.5	0.034		
2024/9/8    	0.23	-57.825	1193.5	0.033		
2024/9/9    	0.229	-57.586	1193.4	0.032		
2024/9/10    	0.23	-57.759	1193.4	0.028		
2024/9/11    	0.23	-57.739	1193.5	0.024		
2024/9/12    	0.228	-57.619	1193.5	0.023		
2024/9/13    	0.228	-57.699	1193.6	0.023		
2024/9/14    	0.227	-57.893	1193.6	0.022		
2024/9/15    	0.227	-58.241	1193.5	0.018		
2024/9/16    	0.228	-58.61	1193.5	0.011		
2024/9/17    	0.228	-58.655	1193.5	0.005		
2024/9/18    	0.229	-58.568	1193.5	0.003		
2024/9/19    	0.231	-58.533	1193.5	0.001		
2024/9/20    	0.23	-58.21	1193.4	-0.002		
2024/9/21    	0.227	-57.792	1193.4	-0.004		
2024/9/22    	0.227	-57.281	1193.4	-0.004		
2024/9/23    	0.227	-57.145	1193.3	-0.001		
2024/9/24    	0.226	-57.192	1193.2	0.002		
2024/9/25    	0.226	-57.402	1193	0.003		
2024/9/26    	0.227	-57.415	1193	0.003		
2024/9/27    	0.226	-57.393	1193	0.004		
2024/9/28    	0.225	-57.239	1193	0.005		
2024/9/29    	0.227	-57.283	1193.1	0.006		
2024/9/30    	0.228	-57.478	1193.1	0.007		
2024/10/1    	0.228	-57.629	1193.1	0.007		
2024/10/2    	0.229	-57.705	1193.2	0.008		
