5.743197e-02 2.349891e+00 2.407323e+00
1.809717e-02 2.214808e-01 2.395779e-01
6.699460e-03 6.828000e-02 7.497946e-02
2.474980e-02 -1.066024e-01 -8.185258e-02
2.907537e-02 -3.742456e-01 -3.451702e-01
2.768508e-02 4.397578e-02 7.166086e-02
1.499801e-02 -3.470954e-01 -3.320973e-01
9.222170e-03 3.717307e-01 3.809529e-01
2.441229e-02 -1.476712e-01 -1.232589e-01
7.675963e-02 -7.555022e-02 1.209412e-03
8.587945e-02 -1.460694e-01 -6.018994e-02
7.514681e-02 1.197772e-01 1.949240e-01
7.335559e-02 -7.335637e-02 -7.747992e-07
2.369947e-02 -2.997447e-02 -6.274991e-03
4.244166e-02 1.512113e-01 1.936530e-01
9.868142e-02 2.244534e-01 3.231348e-01
8.115217e-02 3.626181e-01 4.437703e-01
2.475551e-02 1.053825e-01 1.301380e-01
2.194512e-02 3.287155e-02 5.481667e-02
6.814341e-02 1.572972e-01 2.254406e-01
1.519742e-01 -4.667764e-01 -3.148023e-01
6.117071e-02 1.989450e-01 2.601157e-01
7.388146e-02 -3.872253e-01 -3.133438e-01
1.199479e-01 4.195832e-02 1.619062e-01
6.543566e-02 2.579388e-01 3.233745e-01
1.788740e-02 -6.906484e-02 -5.117743e-02
4.004671e-03 6.058198e-01 6.098245e-01
3.369124e-02 1.386981e-01 1.723893e-01
3.146711e-02 6.725038e-01 7.039709e-01
7.908645e-03 5.749915e-01 5.829001e-01
1.050130e-02 -1.069329e-01 -9.643155e-02
2.940400e-03 -6.166608e-01 -6.137204e-01
2.773386e-03 -2.105834e-03 6.675517e-04
-8.390373e-04 1.259425e-04 -7.130948e-04
-1.979173e-04 -1.026735e+00 -1.026933e+00
-9.506126e-04 -3.594830e+00 -3.595781e+00
-1.229268e-03 -6.243296e+00 -6.244525e+00
-1.837532e-03 -1.028938e+01 -1.029122e+01
-1.223991e-03 -1.444938e+01 -1.445060e+01
-1.265693e-03 -1.934561e+01 -1.934688e+01
-1.289782e-03 -2.454835e+01 -2.454964e+01
-1.242709e-03 -2.948815e+01 -2.948939e+01
-1.298178e-03 -3.373147e+01 -3.373277e+01
-1.543849e-03 -3.844554e+01 -3.844709e+01
-1.370606e-03 -4.250487e+01 -4.250624e+01
-1.188103e-03 -4.652083e+01 -4.652202e+01
-1.152591e-03 -4.833096e+01 -4.833212e+01
-1.151945e-03 -5.017470e+01 -5.017585e+01
-1.130773e-03 -5.082905e+01 -5.083018e+01
-1.098817e-03 -5.008289e+01 -5.008399e+01
-1.068734e-03 -4.914533e+01 -4.914639e+01
-1.141087e-03 -4.577404e+01 -4.577518e+01
-1.294377e-03 -4.413545e+01 -4.413675e+01
-1.293099e-03 -4.355530e+01 -4.355660e+01
-1.382715e-03 -4.903125e+01 -4.903263e+01
-1.611850e-03 -5.656060e+01 -5.656222e+01
-1.270462e-03 -4.510166e+01 -4.510293e+01
-1.399141e-03 -3.530799e+01 -3.530939e+01
-1.228834e-03 -2.813677e+01 -2.813800e+01
-1.247839e-03 -3.010217e+01 -3.010342e+01
-1.404368e-03 -3.303114e+01 -3.303255e+01
-1.255074e-03 -3.260352e+01 -3.260478e+01
-1.226103e-03 -3.241038e+01 -3.241161e+01
-1.215738e-03 -2.906141e+01 -2.906263e+01
-1.242769e-03 -2.417209e+01 -2.417333e+01
-1.162733e-03 -1.518162e+01 -1.518279e+01
-1.209100e-03 -8.865967e+00 -8.867176e+00
-1.637457e-03 8.375243e-02 8.211497e-02
-3.816580e-03 1.443752e+00 1.439936e+00
-5.500057e-03 3.197786e-01 3.142786e-01
-5.112483e-03 -4.077146e-01 -4.128271e-01
2.681821e-03 2.160310e-01 2.187128e-01
5.401125e-03 1.329821e-02 1.869933e-02
2.521978e-03 1.572679e-01 1.597899e-01
7.715490e-03 5.724744e-01 5.801899e-01
1.504230e-02 -1.363542e-02 1.406882e-03
-4.289550e-03 6.892331e-02 6.463376e-02
7.783253e-03 1.213048e-01 1.290881e-01
4.666015e-02 -6.157399e-01 -5.690797e-01
2.936031e-02 -7.730844e-01 -7.437240e-01
1.918798e-02 -2.993545e-01 -2.801665e-01
5.612669e-03 -4.616617e-01 -4.560490e-01
5.503994e-03 -8.437935e-02 -7.887535e-02
3.688574e-02 9.109456e-02 1.279803e-01
1.159750e-01 -1.806713e-01 -6.469631e-02
4.335715e-02 1.027716e-01 1.461287e-01
2.748710e-02 -4.091014e-01 -3.816143e-01
1.467547e-02 7.883686e-02 9.351233e-02
1.983141e-02 -3.179156e-01 -2.980841e-01
1.158354e-02 9.125842e-02 1.028420e-01
3.241458e-02 -1.194336e-01 -8.701900e-02
7.522782e-02 -7.531194e-02 -8.412603e-05
1.454172e-01 -2.645802e-01 -1.191630e-01
1.946828e-01 3.139816e-01 5.086645e-01
1.043911e-01 -8.121557e-02 2.317554e-02
8.850556e-02 2.708097e-01 3.593153e-01
3.267923e-02 9.354477e-02 1.262240e-01
6.953301e-02 -5.038999e-01 -4.343669e-01
4.529006e-02 8.455497e-02 1.298450e-01
3.255070e-02 6.050457e-02 9.305528e-02
2.513568e-02 -9.708722e-02 -7.195154e-02
3.089597e-02 3.142385e-01 3.451345e-01
2.164693e-02 -4.335421e-01 -4.118952e-01
5.566636e-02 5.535774e-02 1.110241e-01
1.256949e-01 3.312075e-01 4.569024e-01
1.394466e-01 6.843610e-01 8.238076e-01
7.886654e-02 5.377461e-01 6.166126e-01
6.140028e-02 7.329773e-02 1.346980e-01
1.393395e-01 2.333921e-01 3.727316e-01
8.316916e-02 -1.649238e-01 -8.175465e-02
7.258489e-02 2.626125e-01 3.351974e-01
1.292746e-01 1.532342e-01 2.825089e-01
4.549417e-02 -5.661062e-02 -1.111645e-02
1.953396e-02 -9.601386e-01 -9.406047e-01
2.341644e-02 -3.718336e-01 -3.484171e-01
7.465529e-02 -6.543310e-02 9.222189e-03
5.470376e-02 -1.063054e-01 -5.160160e-02
1.314635e-01 -5.052916e-02 8.093430e-02
1.808848e-01 3.782516e-01 5.591364e-01
8.848547e-02 -5.268169e-02 3.580379e-02
7.327541e-02 8.079789e-03 8.135520e-02
8.057076e-02 1.161109e-01 1.966816e-01
2.951802e-02 5.973662e-01 6.268843e-01
2.412403e-02 -5.057726e-01 -4.816486e-01
9.069648e-02 3.265355e-01 4.172320e-01
1.682308e-01 6.324771e-01 8.007079e-01
1.041193e-01 -1.504795e+00 -1.400676e+00
1.165007e-01 8.726374e-02 2.037645e-01
2.666060e-02 -5.375455e-01 -5.108849e-01
1.815840e-03 5.740215e-03 7.556055e-03
-7.318003e-03 -2.418034e-01 -2.491214e-01
-8.919287e-03 7.606030e-02 6.714102e-02
-3.648273e-03 -8.729325e-01 -8.765808e-01
1.552761e-03 8.574468e-03 1.012723e-02
2.056442e-02 1.987661e-01 2.193305e-01
9.354293e-02 -7.343080e-01 -6.407650e-01
2.603389e-02 2.137904e-02 4.741293e-02
4.275279e-02 8.939937e-02 1.321522e-01
1.041464e-01 -2.631077e-01 -1.589613e-01
2.063003e-01 6.603671e-02 2.723370e-01
8.013304e-02 6.026549e-01 6.827879e-01
1.088663e-01 1.201482e-02 1.208811e-01
9.599007e-02 -7.464727e-02 2.134281e-02
4.768593e-02 -5.157119e-01 -4.680260e-01
1.035448e-01 -7.342665e-01 -6.307217e-01
1.434278e-01 -3.567770e-01 -2.133492e-01
1.622162e-01 5.232391e-01 6.854552e-01
9.734536e-02 1.976531e-01 2.949985e-01
4.475197e-02 6.945237e-01 7.392757e-01
5.641603e-02 -2.498561e-01 -1.934401e-01
1.154029e-02 5.928484e-02 7.082512e-02
4.363439e-03 -6.193455e-01 -6.149821e-01
5.253669e-04 -3.661373e-02 -3.608836e-02
1.521702e-02 -1.574372e-02 -5.266944e-04
-2.328769e-03 1.134755e-01 1.111467e-01
1.317223e-02 -2.583700e-01 -2.451978e-01
2.965680e-03 -1.545617e-02 -1.249049e-02
7.555908e-03 -1.016288e-01 -9.407284e-02
1.100381e-02 2.238864e-01 2.348902e-01
5.096769e-02 -1.386825e-01 -8.771482e-02
3.064429e-02 8.087409e-02 1.115184e-01
3.119584e-03 -6.645829e-02 -6.333870e-02
6.133967e-03 -5.986188e-01 -5.924848e-01
-7.823427e-03 -1.023994e-01 -1.102229e-01
-1.306745e-02 -4.162633e-01 -4.293307e-01
-1.130977e-02 2.205226e-02 1.074249e-02
-5.245530e-03 4.054351e-01 4.001895e-01
-4.095017e-03 -6.573826e-02 -6.983328e-02
-1.534782e-03 3.087796e-01 3.072448e-01
1.416394e-02 -1.286108e-02 1.302867e-03
3.236787e-03 -6.136703e-01 -6.104335e-01
1.455840e-02 1.613643e-01 1.759227e-01
8.344986e-02 -1.642115e-01 -8.076164e-02
1.276732e-01 8.226545e-02 2.099387e-01
1.853856e-01 -6.837208e-02 1.170135e-01
2.342774e-01 6.099868e-02 2.952761e-01
2.262216e-01 -8.050889e-04 2.254166e-01
2.536279e-01 2.212852e-02 2.757564e-01
2.224198e-01 9.891484e-02 3.213347e-01
2.388584e-01 -6.465519e-01 -4.076935e-01
1.498506e-01 9.744889e-02 2.472995e-01
-8.359478e-02 -5.988060e-01 -6.824007e-01
2.126159e-01 -9.331950e-02 1.192964e-01
8.535676e-02 -1.611887e-01 -7.583192e-02
-1.508130e-01 1.297505e-01 -2.106252e-02
1.798533e-01 1.634071e-03 1.814874e-01
1.945131e-01 -1.179417e-02 1.827190e-01
9.898201e-02 -2.192081e-01 -1.202261e-01
2.380871e-01 -1.511951e-01 8.689195e-02
1.898176e-01 1.384280e-03 1.912019e-01
1.779075e-01 -4.377877e-01 -2.598802e-01
1.345411e-01 1.986424e-01 3.331835e-01
2.133448e-01 6.864411e-01 8.997859e-01
2.075097e-01 9.573420e-02 3.032439e-01
1.789928e-01 3.396469e-01 5.186397e-01
-1.610567e-03 -1.640705e-01 -1.656811e-01
1.564677e-01 7.540577e-02 2.318735e-01
8.499297e-03 -2.132685e-01 -2.047692e-01
2.129886e-02 -2.329023e-02 -1.991370e-03
1.267136e-01 4.530491e-02 1.720185e-01
-4.221548e-02 -2.617491e-01 -3.039646e-01
-1.388862e-01 -3.116278e-01 -4.505140e-01
-9.791223e-03 -1.577830e-01 -1.675742e-01
1.966393e-01 2.398680e-01 4.365073e-01
1.902761e-01 2.806471e-01 4.709232e-01
1.742269e-01 1.827743e-01 3.570013e-01
8.678044e-02 1.517119e-02 1.019516e-01
2.224370e-01 1.477230e-02 2.372093e-01
1.399353e-01 1.698689e-01 3.098043e-01
5.302834e-02 -2.061874e-01 -1.531590e-01
8.643271e-03 2.612367e-02 3.476694e-02
3.176365e-03 -3.506650e-01 -3.474887e-01
-1.743145e-03 2.587875e-01 2.570444e-01
-7.692988e-03 -5.397173e-02 -6.166472e-02
-9.538626e-03 2.545534e-01 2.450147e-01
-1.687941e-02 -1.521498e-01 -1.690292e-01
-1.642580e-02 2.555237e-01 2.390979e-01
-2.189686e-02 -2.201554e-01 -2.420523e-01
-1.856773e-02 5.595032e-02 3.738259e-02
-1.199456e-02 3.747567e-01 3.627621e-01
-7.623564e-03 5.564340e-01 5.488105e-01
-6.752026e-03 1.437607e-01 1.370087e-01
-1.065312e-02 -7.023442e-01 -7.129973e-01
-8.503909e-03 -1.150855e-01 -1.235894e-01
-1.097060e-02 5.638360e-02 4.541300e-02
-4.412958e-03 6.229235e-01 6.185105e-01
-4.430251e-03 1.560241e-01 1.515938e-01
-5.996910e-03 -5.543836e-01 -5.603805e-01
-5.215565e-03 6.813571e-01 6.761416e-01
-2.655156e-03 2.308883e-01 2.282332e-01
-3.005457e-03 3.705406e-02 3.404860e-02
-3.541041e-03 5.243778e-01 5.208368e-01
-3.925926e-03 5.138654e-01 5.099395e-01
-4.230557e-03 -1.335259e-01 -1.377564e-01
-2.612880e-03 5.115234e-01 5.089106e-01
-1.352907e-03 1.199240e-01 1.185711e-01
-2.587477e-03 1.376909e-01 1.351034e-01
-4.634682e-04 2.309419e-01 2.304784e-01
-4.404220e-04 3.395625e-01 3.391221e-01
-9.037853e-04 -2.909066e-01 -2.918103e-01
-8.380809e-04 1.339279e-01 1.330898e-01
-2.743043e-03 1.456893e-01 1.429462e-01
1.111433e-04 1.390453e-01 1.391564e-01
5.147828e-03 -1.637916e-02 -1.123133e-02
1.295183e-02 1.992140e-01 2.121659e-01
1.806655e-03 -2.846391e-01 -2.828324e-01
2.078593e-05 -2.664591e-01 -2.664383e-01
3.869781e-03 -4.230260e-01 -4.191562e-01
6.209039e-03 -1.141992e-01 -1.079902e-01
-1.321395e-03 -1.717562e-01 -1.730776e-01
5.230190e-03 7.012859e-02 7.535878e-02
1.714043e-03 -1.345384e-01 -1.328244e-01
5.836124e-04 3.548518e-01 3.554355e-01
2.463648e-03 -3.831912e-01 -3.807276e-01
-7.227992e-04 -5.933610e-02 -6.005890e-02
-6.696882e-04 4.286278e-01 4.279581e-01
-1.090217e-03 4.166786e-01 4.155884e-01
-2.092672e-03 -6.776013e-02 -6.985280e-02
-1.022953e-03 5.470796e-02 5.368501e-02
-1.137832e-04 -1.596613e-02 -1.607992e-02
-2.017268e-03 2.369840e-01 2.349667e-01
-2.831412e-03 3.084089e-01 3.055775e-01
-8.586699e-05 -2.865128e-02 -2.873715e-02
1.779944e-03 -4.685593e-01 -4.667793e-01
-2.343342e-03 -6.598160e-01 -6.621593e-01
-6.746373e-03 -2.290162e-01 -2.357626e-01
-6.469815e-03 1.359341e-01 1.294643e-01
-7.081159e-03 -7.696313e-02 -8.404429e-02
-7.541035e-03 1.870820e-02 1.116716e-02
-5.010578e-03 2.656085e-01 2.605979e-01
-9.188730e-04 -6.278347e-01 -6.287536e-01
-6.771712e-04 -1.721877e-01 -1.728648e-01
-1.360192e-03 -5.550825e-02 -5.686844e-02
-3.595414e-03 -1.593373e-01 -1.629327e-01
-5.916220e-03 -3.356884e-02 -3.948506e-02
-3.529703e-03 2.657891e+00 2.654362e+00
-3.095582e-03 -5.317002e-01 -5.347958e-01
-2.263813e-03 -1.570051e-01 -1.592689e-01
-2.866430e-03 -1.141031e+00 -1.143898e+00
-6.794512e-05 1.763469e-01 1.762790e-01
4.432557e-03 4.756536e-01 4.800861e-01
1.645533e-03 2.447479e-01 2.463935e-01
2.805530e-03 -1.142894e-02 -8.623411e-03
7.335633e-04 -8.195640e-01 -8.188304e-01
2.833036e-03 -2.062585e-01 -2.034255e-01
2.408525e-04 1.627821e-01 1.630229e-01
1.349050e-03 6.804100e-02 6.939005e-02
5.257002e-03 -6.563244e-02 -6.037544e-02
4.205531e-03 1.593999e-01 1.636054e-01
2.950891e-03 -1.135320e-01 -1.105811e-01
1.793821e-03 -1.204800e-01 -1.186862e-01
1.402084e-03 1.384506e-01 1.398526e-01
1.172970e-03 -2.501875e-01 -2.490145e-01
1.370901e-03 1.488455e-01 1.502164e-01
-1.224697e-03 -6.850743e-01 -6.862990e-01
4.222874e-04 1.640110e-01 1.644333e-01
1.220336e-03 5.221344e-02 5.343377e-02
-1.669336e-03 1.724780e-02 1.557847e-02
-1.117292e-04 -4.184157e-03 -4.295887e-03
-5.247991e-04 7.479692e-03 6.954893e-03
-6.228354e-04 2.802755e-01 2.796526e-01
-1.837759e-03 -3.161850e-02 -3.345626e-02
-4.174526e-03 1.514522e-02 1.097070e-02
-3.073361e-03 -5.477256e-02 -5.784592e-02
-2.847156e-03 -9.382839e-02 -9.667555e-02
-1.906275e-03 7.306550e-01 7.287487e-01
-3.189626e-03 -3.907703e-01 -3.939599e-01
-2.824040e-03 8.156958e-02 7.874554e-02
-3.228525e-03 -7.860599e-02 -8.183451e-02
-2.020822e-03 -6.300851e-04 -2.650908e-03
-3.458624e-03 5.859009e-02 5.513146e-02
-3.869240e-03 1.105184e-01 1.066491e-01
-3.905088e-03 1.281380e-02 8.908710e-03
-3.887939e-03 9.397234e-01 9.358355e-01
-6.059886e-03 3.351741e-01 3.291142e-01
-4.151285e-03 -1.040585e-01 -1.082098e-01
-1.434038e-03 3.555163e-01 3.540823e-01
5.807010e-04 -2.509867e-01 -2.504060e-01
7.743449e-03 -7.583955e-02 -6.809610e-02
5.998020e-03 4.197838e-01 4.257818e-01
1.355819e-02 -2.162044e-01 -2.026462e-01
1.003156e-02 6.526538e-01 6.626854e-01
-1.371349e-03 1.266516e-01 1.252803e-01
6.101540e-04 3.608488e-01 3.614590e-01
1.427511e-02 3.582007e-01 3.724758e-01
4.111503e-02 3.779652e-01 4.190803e-01
7.467826e-03 3.260469e-01 3.335147e-01
-8.262638e-03 -6.120285e-01 -6.202911e-01
-2.090647e-03 -6.883851e-03 -8.974498e-03
-1.806955e-02 -3.109297e-01 -3.289992e-01
-9.905713e-03 -1.223767e-01 -1.322824e-01
-1.727583e-02 1.975105e-01 1.802347e-01
-2.047182e-02 -1.805689e-01 -2.010408e-01
-1.763970e-02 5.117121e-01 4.940724e-01
-9.072563e-03 -1.037899e-01 -1.128625e-01
-5.643521e-03 2.706501e-02 2.142149e-02
-6.656553e-03 -5.029685e-02 -5.695340e-02
-5.165776e-03 9.472738e-01 9.421080e-01
-1.067115e-02 -3.857817e-03 -1.452897e-02
-1.682802e-02 -2.583276e-02 -4.266077e-02
-1.601147e-02 4.861787e-01 4.701672e-01
-6.285677e-03 -7.473409e-02 -8.101977e-02
-1.840154e-02 1.166015e-02 -6.741389e-03
-1.034957e-02 -1.077422e-01 -1.180917e-01
-4.304967e-03 -1.951959e-01 -1.995009e-01
1.571924e-04 1.285565e-01 1.287137e-01
-7.870618e-03 8.440061e-01 8.361355e-01
-2.563299e-03 6.637245e-01 6.611612e-01
2.187854e-02 -7.849478e-02 -5.661624e-02
-2.089363e-04 -1.952775e-01 -1.954865e-01
2.046201e-02 2.636011e-01 2.840631e-01
1.049667e-02 2.630841e-01 2.735808e-01
-9.698348e-04 1.437853e-01 1.428154e-01
-1.085735e-03 3.274669e-01 3.263811e-01
-8.594437e-03 -6.773370e-02 -7.632813e-02
-1.385142e-02 4.423814e-02 3.038673e-02
-1.913714e-02 1.893239e-01 1.701868e-01
-1.728926e-02 -4.592126e-02 -6.321053e-02
-5.534586e-03 -1.174498e-01 -1.229843e-01
-6.256808e-03 5.143785e-04 -5.742429e-03
-1.999897e-02 2.180131e-01 1.980141e-01
-8.568102e-03 1.554092e-01 1.468411e-01
-1.970831e-03 1.704650e-01 1.684942e-01
-7.777923e-03 -2.090569e-01 -2.168348e-01
-4.876946e-03 -2.882141e-01 -2.930911e-01
5.095636e-03 2.952431e-01 3.003387e-01
1.811621e-02 4.842544e-02 6.654165e-02
2.673577e-02 6.741417e-01 7.008775e-01
1.165369e-02 -3.479745e-02 -2.314376e-02
2.432821e-03 -2.253960e-01 -2.229632e-01
8.817567e-03 3.304605e-01 3.392781e-01
5.699555e-02 -9.014307e-02 -3.314751e-02
4.821736e-02 3.055570e-01 3.537744e-01
1.745391e-01 8.592048e-02 2.604595e-01
8.064298e-02 -1.538744e+00 -1.458101e+00
1.872258e-01 -3.257069e-01 -1.384811e-01
2.052499e-01 2.244818e-01 4.297316e-01
1.123609e-01 4.595445e-03 1.169564e-01
4.103599e-02 -1.235141e-01 -8.247806e-02
-1.203070e-01 -1.265068e-01 -2.468138e-01
1.766200e-03 -2.027978e-02 -1.851358e-02
-1.319932e-01 -1.386145e-01 -2.706077e-01
5.565856e-02 1.228811e-01 1.785396e-01
1.613599e-01 4.580969e-01 6.194568e-01
1.510636e-01 6.670060e-02 2.177642e-01
1.620535e-01 1.731395e-02 1.793675e-01
1.885612e-01 -6.082248e-02 1.277387e-01
1.271968e-01 -3.814122e-01 -2.542154e-01
2.621306e-02 8.003050e-02 1.062436e-01
5.577245e-02 2.057340e-01 2.615064e-01
1.819237e-01 -9.759547e-02 8.432826e-02
5.515346e-02 -7.038584e-02 -1.523238e-02
-1.271761e-04 2.483726e-01 2.482455e-01
-7.229122e-03 -1.264130e-01 -1.336421e-01
-1.488211e-02 6.048061e-01 5.899239e-01
-2.742694e-02 1.187299e-01 9.130299e-02
-1.339925e-02 6.547096e-02 5.207172e-02
-2.032771e-02 1.175393e-01 9.721157e-02
-1.705095e-02 6.043918e-02 4.338823e-02
-2.874931e-02 -2.162272e-01 -2.449765e-01
-2.922431e-02 -8.250868e-03 -3.747518e-02
-2.779492e-02 7.348561e-02 4.569069e-02
-1.616743e-02 3.399276e-01 3.237602e-01
-1.094040e-02 -1.968972e-01 -2.078376e-01
-1.332836e-02 8.117104e-02 6.784267e-02
-9.810836e-03 -5.882623e-02 -6.863707e-02
-8.063554e-03 3.605301e-01 3.524665e-01
-8.337751e-03 2.433974e-02 1.600199e-02
-8.756621e-03 6.085286e-01 5.997720e-01
-5.520127e-03 -1.640706e-01 -1.695908e-01
-6.831274e-03 -1.348584e-01 -1.416897e-01
-3.926076e-03 -3.120935e-01 -3.160196e-01
-3.600355e-03 5.107702e-01 5.071698e-01
-1.930251e-03 -5.824993e-01 -5.844295e-01
-1.583223e-03 2.969218e-02 2.810895e-02
-1.330149e-03 -7.660830e-02 -7.793845e-02
-1.210673e-03 1.197440e-01 1.185333e-01
-1.098418e-03 1.336072e-01 1.325088e-01
-1.615351e-03 -2.217247e-03 -3.832598e-03
-1.970844e-03 7.420943e-02 7.223859e-02
-1.391402e-03 9.666939e-02 9.527799e-02
-1.720233e-03 -1.869283e-01 -1.886485e-01
-3.185129e-03 -2.028835e-01 -2.060686e-01
-3.194649e-03 -1.087249e-01 -1.119196e-01
-1.962994e-03 1.607739e-01 1.588109e-01
-5.827658e-04 -7.318265e-01 -7.324093e-01
-1.641013e-03 1.886331e-01 1.869921e-01
-1.519070e-03 4.651031e-01 4.635840e-01
5.882001e-04 6.124854e-02 6.183674e-02
8.321545e-04 1.902810e-01 1.911132e-01
-3.003737e-04 2.809331e-02 2.779293e-02
2.281319e-03 2.079165e-01 2.101978e-01
4.528730e-03 -6.520288e-03 -1.991558e-03
1.045766e-02 2.644454e-01 2.749030e-01
1.059346e-02 -1.192796e-01 -1.086861e-01
3.980967e-03 1.448089e-02 1.846185e-02
3.030750e-03 -3.465647e-01 -3.435339e-01
1.237007e-03 -5.155803e-02 -5.032103e-02
-1.816732e-03 -6.813671e-02 -6.995345e-02
-2.463105e-03 -6.302536e-02 -6.548846e-02
-5.956705e-03 -1.158600e-01 -1.218167e-01
-6.767090e-03 4.668120e-01 4.600450e-01
-2.868740e-03 -1.374421e-01 -1.403108e-01
-2.750860e-03 5.017706e-01 4.990197e-01
-2.196777e-03 -1.448540e-01 -1.470507e-01
-1.145240e-03 1.803525e-01 1.792073e-01
2.335073e-05 5.089507e-01 5.089740e-01
3.565177e-03 -1.700936e+00 -1.697371e+00
6.520856e-03 -1.193274e-01 -1.128065e-01
2.367077e-02 -5.258956e-01 -5.022248e-01
2.384810e-02 1.738431e-02 4.123242e-02
5.879108e-02 -5.241978e-02 6.371299e-03
2.970885e-02 1.353034e-02 4.323919e-02
7.231876e-02 -2.587120e-02 4.644756e-02
1.386172e-01 -1.695013e-01 -3.088407e-02
4.380040e-02 2.674572e-02 7.054612e-02
1.621329e-02 -5.215754e-02 -3.594424e-02
4.407382e-03 8.491217e-02 8.931955e-02
2.732857e-03 2.501840e-02 2.775126e-02
4.375528e-03 7.399655e-02 7.837208e-02
1.390033e-02 -2.847976e-01 -2.708973e-01
3.407515e-02 9.782916e-02 1.319043e-01
2.611481e-02 1.134795e+00 1.160910e+00
1.965712e-02 -9.345850e-01 -9.149278e-01
9.453802e-03 3.725294e-01 3.819832e-01
1.133077e-02 -2.813982e-01 -2.700674e-01
5.367207e-03 8.089036e-02 8.625756e-02
1.153027e-03 4.054454e-02 4.169757e-02
-3.300985e-03 1.042384e-03 -2.258601e-03
-4.589611e-03 2.618803e-02 2.159842e-02
2.696932e-04 5.478481e-03 5.748174e-03
-1.684858e-03 -9.690154e-02 -9.858640e-02
7.379964e-04 -5.433140e-01 -5.425760e-01
6.613191e-03 -6.785994e-02 -6.124675e-02
7.742769e-03 -1.777503e-01 -1.700075e-01
2.200232e-03 -3.553971e-01 -3.531969e-01
2.852128e-03 -1.555481e+00 -1.552629e+00
4.306703e-03 2.893935e-01 2.937002e-01
-5.012279e-04 -7.483105e-02 -7.533227e-02
1.120074e-03 4.184137e-02 4.296145e-02
1.446339e-05 -3.868569e-01 -3.868425e-01
4.634333e-03 -1.983231e-01 -1.936888e-01
7.343521e-03 4.485182e-01 4.558617e-01
9.161207e-03 4.766603e-01 4.858215e-01
3.624805e-02 1.596359e-01 1.958840e-01
9.277341e-02 6.619593e-01 7.547327e-01
9.688787e-02 -7.703217e-02 1.985570e-02
7.041899e-02 1.599619e-01 2.303809e-01
2.711651e-01 2.330883e-01 5.042535e-01
2.304445e-01 1.440998e-01 3.745444e-01
1.812858e-01 -2.513948e-01 -7.010896e-02
3.016175e-01 1.121462e-02 3.128322e-01
2.555035e-01 -4.661548e-02 2.088880e-01
3.272060e-01 1.197063e-01 4.469124e-01
3.026984e-01 -1.825958e-01 1.201026e-01
2.497286e-01 3.876075e-01 6.373362e-01
1.311679e-01 4.360278e-02 1.747707e-01
3.034693e-02 2.430008e-02 5.464701e-02
2.407625e-02 -7.124777e-02 -4.717152e-02
5.964070e-02 -1.184938e-01 -5.885313e-02
3.865614e-02 -7.658217e-01 -7.271655e-01
1.693540e-01 -9.710210e-01 -8.016670e-01
5.763637e-02 1.155409e-01 1.731773e-01
4.257906e-02 -3.912156e-01 -3.486366e-01
1.549911e-02 1.357745e-01 1.512736e-01
5.146068e-03 5.040858e-01 5.092319e-01
1.545546e-02 6.576204e-02 8.121751e-02
3.383716e-02 -4.306808e-02 -9.230922e-03
1.487943e-01 -1.900029e-01 -4.120866e-02
7.689374e-02 1.947090e-01 2.716027e-01
1.301366e-01 3.324238e-01 4.625605e-01
1.515731e-01 -3.579739e-02 1.157757e-01
6.818740e-02 -4.730924e-02 2.087816e-02
5.870331e-02 -7.679508e-01 -7.092475e-01
3.073749e-02 -1.013171e-01 -7.057965e-02
1.060945e-02 -6.537846e-01 -6.431752e-01
-2.718779e-03 -6.263287e-02 -6.535165e-02
-1.019174e-02 6.099739e-02 5.080565e-02
-7.266732e-03 6.382869e-02 5.656196e-02
-5.948189e-03 2.248389e-02 1.653570e-02
-5.342470e-03 2.262599e-01 2.209175e-01
-9.542982e-03 2.523988e-01 2.428559e-01
-1.109176e-02 -1.150632e+00 -1.161724e+00
-1.451646e-02 -2.071969e-01 -2.217133e-01
-1.749166e-02 -9.469497e-02 -1.121866e-01
-1.246617e-02 -4.732276e-01 -4.856938e-01
-1.864954e-02 -5.927303e-01 -6.113799e-01
-1.550027e-02 1.450753e-01 1.295750e-01
-1.384823e-02 -2.999918e-01 -3.138401e-01
-4.937328e-03 7.649245e-02 7.155512e-02
4.563304e-04 5.522494e-02 5.568127e-02
-1.625860e-03 9.538736e-03 7.912876e-03
4.779813e-03 8.549212e-02 9.027193e-02
7.381305e-03 -1.915151e+00 -1.907770e+00
7.697384e-04 7.098242e-02 7.175216e-02
-1.939904e-03 4.917824e-02 4.723833e-02
-1.289607e-03 -5.657804e-02 -5.786764e-02
1.282435e-03 -5.318876e-02 -5.190632e-02
3.618206e-03 -1.639438e-01 -1.603256e-01
8.399609e-03 -3.780893e-02 -2.940932e-02
4.198281e-03 -1.000126e-01 -9.581436e-02
9.525020e-03 -1.124464e-02 -1.719619e-03
3.449118e-02 -2.420423e-01 -2.075512e-01
3.584688e-02 9.402398e-02 1.298709e-01
7.692375e-02 7.397355e-01 8.166592e-01
2.226304e-02 -1.637900e+00 -1.615637e+00
3.946331e-02 6.778912e-02 1.072524e-01
2.544119e-02 -4.515729e-01 -4.261317e-01
2.955181e-02 -1.740113e-01 -1.444595e-01
3.331071e-02 -9.662466e-02 -6.331395e-02
2.556879e-02 -3.379744e-02 -8.228647e-03
6.786064e-03 4.713994e-01 4.781855e-01
-1.772041e-04 4.390770e-01 4.388998e-01
4.418969e-04 -5.264520e-01 -5.260101e-01
-3.440344e-03 8.077072e-01 8.042668e-01
-7.007690e-04 1.768941e+00 1.768240e+00
-2.298956e-03 5.819023e-02 5.589127e-02
-2.073994e-03 3.609462e-01 3.588722e-01
-2.969366e-03 -2.348390e-01 -2.378084e-01
-4.739418e-03 -9.150274e-04 -5.654445e-03
-7.349698e-03 8.591218e-02 7.856248e-02
-4.293811e-03 -1.604512e-04 -4.454262e-03
-5.430237e-03 -1.094980e-01 -1.149282e-01
-5.993329e-03 -9.677058e-02 -1.027639e-01
-9.187986e-03 -5.856558e-01 -5.948438e-01
-9.283108e-03 2.286897e-01 2.194066e-01
-3.286137e-03 5.809835e-02 5.481222e-02
-3.442097e-03 -1.015841e+00 -1.019283e+00
-7.181442e-03 -2.602341e-01 -2.674155e-01
-6.658030e-03 -2.970545e-01 -3.037125e-01
-8.177045e-03 2.016641e-01 1.934871e-01
-1.159415e-02 5.794214e-02 4.634799e-02
-1.536177e-02 5.435142e-01 5.281524e-01
-2.209724e-02 -2.194671e-01 -2.415643e-01
-1.822760e-02 2.995989e-01 2.813713e-01
-1.468318e-02 8.374846e-02 6.906528e-02
-7.648553e-03 4.913498e-02 4.148643e-02
-1.097168e-02 4.873078e-02 3.775910e-02
-8.301432e-03 -5.770813e-01 -5.853827e-01
-9.243407e-03 2.351626e-01 2.259192e-01
-1.139853e-02 -3.235137e-01 -3.349123e-01
-4.902320e-03 -6.062805e-02 -6.553037e-02
-2.847418e-03 -2.750009e-01 -2.778483e-01
-3.408477e-03 5.541185e-02 5.200337e-02
-1.176298e-03 5.862472e-02 5.744842e-02
-2.589058e-03 -5.219226e-03 -7.808284e-03
-3.539470e-03 2.000771e-01 1.965376e-01
-2.604210e-03 -5.160268e-01 -5.186310e-01
-9.327605e-04 -8.315909e-01 -8.325237e-01
-1.122354e-03 -9.670146e-02 -9.782382e-02
-1.672997e-03 8.381309e-02 8.214009e-02
-1.245382e-03 -4.120614e-01 -4.133068e-01
5.004658e-04 4.561605e-01 4.566609e-01
-4.402838e-04 6.430424e-02 6.386396e-02
1.944074e-03 -9.514353e-02 -9.319946e-02
-2.157856e-03 5.886375e-01 5.864796e-01
3.873185e-03 -4.182803e-01 -4.144071e-01
1.299872e-02 -2.582799e-02 -1.282927e-02
2.788837e-03 3.112729e-01 3.140618e-01
2.269409e-03 3.630945e-01 3.653639e-01
-4.702619e-03 -9.324537e-02 -9.794799e-02
-5.680495e-03 4.024751e-02 3.456702e-02
-5.664470e-03 7.796659e-01 7.740015e-01
-1.029180e-02 1.060801e-01 9.578831e-02
-8.148574e-03 3.532517e-02 2.717659e-02
-1.051025e-02 -6.765017e-03 -1.727527e-02
-1.349907e-02 6.574097e-02 5.224190e-02
-1.141702e-02 2.379636e-01 2.265466e-01
-2.040399e-02 -5.810726e-02 -7.851124e-02
-1.406119e-02 1.555083e-02 1.489647e-03
-1.128922e-02 -1.030523e-01 -1.143415e-01
-7.460449e-03 -3.492055e-02 -4.238100e-02
-9.292756e-03 -2.181007e-01 -2.273934e-01
-6.723149e-03 9.098696e-02 8.426382e-02
-5.106122e-03 5.388079e-02 4.877467e-02
-4.126604e-03 2.037873e-01 1.996607e-01
-6.447781e-03 2.830883e-01 2.766406e-01
-5.517975e-03 2.653318e-02 2.101521e-02
-3.629136e-03 4.801438e-01 4.765146e-01
-4.297307e-04 -2.265781e-01 -2.270078e-01
-2.186867e-03 1.687215e-01 1.665346e-01
-3.574532e-03 -2.521487e-01 -2.557232e-01
-6.241856e-03 1.320073e-02 6.958869e-03
-3.556476e-03 -2.128511e-01 -2.164076e-01
-3.653481e-03 -8.591932e-02 -8.957280e-02
-5.067250e-03 -2.227972e-01 -2.278645e-01
-4.452540e-03 -7.356951e-01 -7.401476e-01
-5.838579e-04 -1.420511e-01 -1.426350e-01
2.074663e-03 -1.067537e-01 -1.046791e-01
-6.463711e-04 2.009964e-03 1.363593e-03
-2.176092e-03 3.188614e-01 3.166853e-01
-1.525846e-03 1.362855e-01 1.347596e-01
6.462081e-04 2.669530e-02 2.734151e-02
-2.858169e-04 8.270422e-02 8.241840e-02
2.608831e-03 -5.388525e-03 -2.779694e-03
5.327893e-05 1.221690e-01 1.222223e-01
-4.804892e-04 -6.948494e-02 -6.996543e-02
-1.405528e-03 1.772739e-01 1.758684e-01
-1.174179e-03 -3.579540e-01 -3.591281e-01
-1.593902e-03 1.826448e-01 1.810509e-01
2.442881e-03 -5.269891e-01 -5.245462e-01
1.417275e-02 5.859245e-03 2.003200e-02
7.787768e-03 -4.464403e-01 -4.386526e-01
8.284578e-03 2.530537e-01 2.613383e-01
2.099352e-03 -5.955625e-01 -5.934632e-01
6.897441e-04 -3.871583e-01 -3.864685e-01
-4.271783e-04 -2.384534e-01 -2.388806e-01
-5.170018e-04 3.904984e-01 3.899814e-01
-4.383993e-03 -2.018974e-01 -2.062814e-01
-5.336903e-03 -1.757513e-02 -2.291203e-02
-7.207021e-03 -1.760626e-01 -1.832696e-01
-3.130851e-03 -6.430044e-03 -9.560895e-03
-9.850611e-03 1.957429e-01 1.858923e-01
-1.068222e-02 1.339530e+00 1.328848e+00
-1.572450e-02 -1.455667e-01 -1.612912e-01
-7.207743e-03 6.796820e-01 6.724742e-01
-1.040807e-02 1.500028e-01 1.395947e-01
-1.123455e-02 8.471895e-02 7.348440e-02
-5.184652e-03 4.645156e-01 4.593310e-01
-7.020233e-03 8.344812e-02 7.642788e-02
-1.244531e-02 -3.526266e-01 -3.650719e-01
-7.653284e-03 3.190719e-02 2.425390e-02
-8.410273e-03 5.039849e-01 4.955746e-01
-2.348251e-02 -9.022963e-02 -1.137121e-01
-2.531801e-02 -1.431549e-01 -1.684729e-01
-2.797652e-02 5.899033e-02 3.101381e-02
-2.613427e-02 -2.915816e-01 -3.177159e-01
-2.807019e-02 2.244742e-01 1.964040e-01
-2.356886e-02 -1.411667e-01 -1.647356e-01
-2.218291e-02 -2.970757e-01 -3.192586e-01
-1.925063e-02 2.777924e-01 2.585417e-01
-2.448854e-02 2.683648e-01 2.438763e-01
-2.636171e-02 -2.159856e-01 -2.423474e-01
-2.038255e-02 9.242540e-02 7.204285e-02
-2.712184e-02 1.595738e-02 -1.116446e-02
-2.118714e-02 3.336470e-01 3.124599e-01
-1.904842e-02 2.853584e-01 2.663099e-01
-1.187889e-02 -3.836113e-01 -3.954902e-01
-6.106222e-03 -1.037484e-01 -1.098546e-01
-1.209913e-02 3.276597e-01 3.155606e-01
-3.472285e-03 -1.304260e-01 -1.338983e-01
6.307669e-03 -9.013890e-01 -8.950813e-01
3.739388e-02 -3.879958e-01 -3.506019e-01
1.412641e-02 -5.795061e-01 -5.653797e-01
-7.456466e-04 3.331167e-01 3.323711e-01
-2.690370e-03 -4.175894e-01 -4.202798e-01
4.040219e-03 -3.515667e-02 -3.111645e-02
4.425042e-02 -1.882689e-01 -1.440184e-01
1.223962e-01 4.268020e-02 1.650764e-01
1.358973e-01 2.451950e-01 3.810923e-01
1.773679e-01 -7.795805e-02 9.940983e-02
1.876968e-01 3.490167e-01 5.367136e-01
1.968088e-01 -5.207375e-01 -3.239287e-01
1.966510e-01 -1.505806e-01 4.607038e-02
7.654656e-02 -2.486164e-02 5.168492e-02
1.047171e-01 1.726570e-01 2.773741e-01
1.308684e-01 3.332822e-01 4.641505e-01
5.470913e-02 9.418748e-01 9.965840e-01
9.413750e-02 1.635079e-01 2.576454e-01
4.121299e-02 2.692192e-01 3.104322e-01
1.477068e-02 7.345471e-02 8.822538e-02
3.836530e-03 -3.233591e-01 -3.195225e-01
8.134700e-03 -9.293001e-02 -8.479531e-02
5.028796e-03 7.868787e-02 8.371666e-02
8.564720e-04 -1.514584e-01 -1.506020e-01
5.606010e-03 2.083995e-01 2.140055e-01
5.652450e-04 1.901980e-01 1.907633e-01
9.426117e-04 -5.624237e-01 -5.614810e-01
-2.979313e-04 1.143526e-01 1.140546e-01
1.652536e-03 2.375817e-01 2.392343e-01
-2.321689e-03 3.932130e-02 3.699962e-02
-3.174941e-03 2.664687e-01 2.632937e-01
-8.154175e-03 -5.418219e-01 -5.499761e-01
-7.914731e-03 -1.918851e-01 -1.997998e-01
-8.130581e-03 1.124897e-01 1.043591e-01
-7.470112e-03 4.557947e-02 3.810936e-02
-3.883075e-03 -1.305554e-02 -1.693862e-02
-6.492261e-03 6.473772e-01 6.408849e-01
-8.121513e-03 1.673356e-01 1.592141e-01
-1.378788e-02 9.296721e-01 9.158842e-01
-1.890527e-02 1.303346e-01 1.114294e-01
-1.556661e-02 -1.061048e+00 -1.076614e+00
-1.065415e-02 3.829029e-01 3.722487e-01
-7.936466e-03 6.991318e-02 6.197672e-02
-7.415946e-03 3.561193e-01 3.487033e-01
-8.112566e-03 -8.175397e-02 -8.986653e-02
-1.326055e-03 4.228122e-02 4.095516e-02
-6.124632e-03 6.591469e-01 6.530223e-01
-1.731798e-02 1.796787e-01 1.623607e-01
-1.571914e-02 2.216401e-01 2.059210e-01
-2.461343e-02 -1.029005e-01 -1.275139e-01
-2.870863e-02 -9.285262e-01 -9.572348e-01
-2.088366e-02 -6.073602e-02 -8.161968e-02
-3.621270e-02 1.387904e-01 1.025777e-01
-3.431112e-02 -1.200490e+00 -1.234801e+00
-1.534252e-02 -1.046272e-01 -1.199697e-01
-1.022726e-02 -5.479707e-03 -1.570696e-02
-1.430968e-02 3.201568e-02 1.770601e-02
-1.050083e-02 -9.568359e-02 -1.061844e-01
6.111180e-04 4.812905e-02 4.874017e-02
-3.871707e-03 -2.131161e-01 -2.169878e-01
-1.061124e-02 -2.254681e-01 -2.360793e-01
-6.481555e-03 8.253236e-02 7.605081e-02
-2.617022e-03 3.797480e-02 3.535778e-02
-7.970096e-03 -1.152250e-01 -1.231951e-01
-4.893998e-03 1.425647e-01 1.376707e-01
-3.352172e-03 -1.436273e-01 -1.469794e-01
-2.676171e-03 2.677232e-01 2.650470e-01
5.741837e-04 -1.451140e+00 -1.450566e+00
7.468523e-04 1.937257e-01 1.944726e-01
-2.755553e-03 -2.457095e-01 -2.484650e-01
2.057697e-05 3.329173e-01 3.329379e-01
-8.078404e-03 2.825400e-01 2.744616e-01
-5.158235e-03 6.111923e-02 5.596099e-02
-9.298629e-03 8.480019e-03 -8.186104e-04
5.810786e-03 1.400173e-01 1.458281e-01
1.445890e-02 -1.894675e-02 -4.487851e-03
1.036900e-01 1.496078e-01 2.532979e-01
9.492211e-03 2.719432e-01 2.814354e-01
2.106845e-02 7.660565e-01 7.871249e-01
1.240533e-01 5.296832e-01 6.537365e-01
2.825521e-02 -1.793369e-01 -1.510817e-01
1.291807e-01 -2.951326e-01 -1.659519e-01
1.773167e-01 5.782801e-03 1.830995e-01
1.627944e-01 4.596572e-01 6.224516e-01
1.008529e-01 1.968174e-01 2.976703e-01
4.752399e-02 3.999989e-02 8.752388e-02
1.917376e-01 -7.391555e-02 1.178220e-01
1.129621e-01 5.604913e-01 6.734534e-01
7.329742e-02 6.033841e-02 1.336358e-01
1.730088e-01 -2.719684e-02 1.458120e-01
5.126163e-02 -1.387639e-02 3.738524e-02
3.331534e-02 2.298916e-01 2.632069e-01
4.182664e-02 4.674510e-01 5.092776e-01
1.716514e-01 -1.947399e-02 1.521774e-01
7.050924e-02 -8.452320e-02 -1.401396e-02
6.746568e-02 -5.501686e-01 -4.827029e-01
5.777956e-02 4.801528e-01 5.379324e-01
1.615485e-01 1.927143e-01 3.542628e-01
1.161368e-01 2.078258e-01 3.239625e-01
2.125577e-01 1.133050e-01 3.258627e-01
2.040084e-01 -5.486469e-01 -3.446385e-01
1.806098e-01 1.286074e-01 3.092172e-01
2.538306e-02 7.595231e-02 1.013354e-01
9.288288e-02 2.208529e-01 3.137357e-01
1.179714e-01 7.158599e-02 1.895573e-01
-3.125988e-03 3.473415e-01 3.442155e-01
1.233828e-01 9.550892e-02 2.188917e-01
-8.673498e-02 2.299076e-01 1.431726e-01
-5.247169e-01 2.207702e-02 -5.026398e-01
-7.907786e-03 -5.883287e-02 -6.674066e-02
1.864257e-01 1.762604e-01 3.626861e-01
5.520841e-02 -2.638851e-02 2.881990e-02
-1.480727e-02 6.697018e-02 5.216291e-02
2.038947e-02 -1.691215e-01 -1.487321e-01
6.866478e-02 -9.342158e-02 -2.475680e-02
-4.756399e-02 -1.522504e-01 -1.998144e-01
2.002577e-01 -2.317275e-01 -3.146980e-02
2.020382e-01 6.956578e-02 2.716040e-01
1.641774e-01 -4.288698e-01 -2.646925e-01
5.032444e-02 7.956003e-02 1.298845e-01
-1.164212e-01 1.525939e-01 3.617275e-02
-9.843482e-02 -4.523657e-01 -5.508005e-01
1.146719e-01 -2.727218e-01 -1.580499e-01
1.809661e-01 -3.570355e-02 1.452626e-01
9.737444e-02 1.109925e-01 2.083669e-01
1.744298e-01 -2.708146e-01 -9.638478e-02
1.785340e-01 6.988673e-02 2.484208e-01
1.941620e-01 2.098149e-01 4.039769e-01
2.029101e-01 1.989437e-01 4.018538e-01
1.114958e-01 1.925368e-03 1.134211e-01
2.518303e-02 4.490548e-03 2.967358e-02
1.179922e-01 -2.116470e-02 9.682754e-02
7.155300e-02 -2.526174e-02 4.629125e-02
1.715859e-02 1.710842e-01 1.882428e-01
1.939594e-01 6.334974e-02 2.573091e-01
-7.808350e-03 -3.134455e-01 -3.212538e-01
6.539261e-03 -4.675883e-02 -4.021957e-02
1.558147e-01 1.141693e-01 2.699840e-01
7.824135e-02 1.469539e-01 2.251953e-01
2.012963e-01 2.852710e-01 4.865673e-01
-7.507484e-02 1.087242e-01 3.364937e-02
1.214348e-02 9.661589e-02 1.087594e-01
1.461276e-01 1.406004e-02 1.601876e-01
1.401022e-01 -8.056312e-03 1.320459e-01
5.372029e-04 -2.060815e-01 -2.055443e-01
1.408648e-01 -2.420193e-01 -1.011545e-01
1.975885e-01 -2.080714e-01 -1.048289e-02
1.483924e-01 -6.741651e-01 -5.257727e-01
1.978100e-01 5.882836e-02 2.566383e-01
1.493549e-01 4.798414e-02 1.973391e-01
-1.673762e-02 3.707647e-01 3.540271e-01
1.235598e-01 6.133790e-02 1.848977e-01
3.446449e-02 -4.080886e-01 -3.736241e-01
1.596581e-01 -4.499325e-02 1.146648e-01
2.008414e-01 -3.576451e-01 -1.568037e-01
2.084969e-01 6.665907e-02 2.751560e-01
-1.382276e-01 -1.412025e-02 -1.523478e-01
3.600576e-02 1.367190e-01 1.727247e-01
1.955364e-01 -2.356648e-01 -4.012844e-02
6.047367e-02 -3.346659e-01 -2.741923e-01
-1.724998e-01 3.444161e-02 -1.380582e-01
-5.116873e-02 -1.407975e-01 -1.919662e-01
-1.730967e-01 6.450349e-02 -1.085932e-01
2.121612e-02 -4.461605e-02 -2.339993e-02
-1.829387e-02 2.959743e-02 1.130356e-02
1.778430e-01 -1.185744e-01 5.926868e-02
1.768509e-01 -1.216564e-01 5.519446e-02
1.807960e-02 -1.139282e-01 -9.584859e-02
1.910920e-01 -1.601466e-02 1.750773e-01
9.661769e-02 -1.045929e-01 -7.975263e-03
9.043053e-02 -8.084853e-02 9.582009e-03
-1.551384e-01 -1.058297e-01 -2.609681e-01
-7.147208e-02 7.133072e-03 -6.433901e-02
1.414581e-01 3.119106e-01 4.533687e-01
-4.347817e-02 2.253254e-01 1.818473e-01
-3.656479e-01 2.206207e-01 -1.450273e-01
-2.488095e-02 -8.229695e-02 -1.071779e-01
1.263122e-01 -1.425900e-01 -1.627775e-02
-2.996869e-01 -1.920397e-01 -4.917266e-01
-4.424687e-03 -2.782191e-01 -2.826437e-01
-3.571148e-01 4.061700e-02 -3.164978e-01
-5.890361e-02 -1.291953e-01 -1.880990e-01
1.805077e-01 1.815822e-01 3.620899e-01
-8.542297e-02 1.061215e-01 2.069856e-02
1.258953e-01 1.862847e-01 3.121800e-01
1.922344e-01 1.017424e-01 2.939768e-01
1.885279e-01 3.466621e-02 2.231941e-01
2.176863e-01 1.550613e-01 3.727476e-01
2.237811e-01 -1.155323e-01 1.082489e-01
1.908202e-01 -3.756419e-01 -1.848217e-01
1.954568e-01 -5.826858e-02 1.371882e-01
2.286347e-01 -2.031399e-01 2.549486e-02
4.795692e-02 -2.333642e-01 -1.854072e-01
4.087440e-02 1.679675e-02 5.767115e-02
8.774317e-03 -8.524773e-02 -7.647341e-02
-2.167467e-03 9.143583e-01 9.121908e-01
-1.463030e-02 -3.694806e-01 -3.841109e-01
-1.402453e-02 1.043897e-01 9.036520e-02
-1.824686e-02 -6.624071e-02 -8.448757e-02
-1.571473e-02 -6.463114e-02 -8.034587e-02
-1.986986e-02 3.069686e-02 1.082699e-02
-2.066232e-02 -3.712720e-01 -3.919343e-01
-2.372430e-02 -1.059417e-01 -1.296660e-01
-2.010375e-02 -2.121810e-01 -2.322847e-01
-2.130903e-02 1.854375e-01 1.641285e-01
-1.831228e-02 5.674776e-02 3.843548e-02
-1.654806e-02 -1.379498e-02 -3.034304e-02
-1.950538e-02 5.000848e-02 3.050310e-02
-2.328279e-02 2.745578e-01 2.512750e-01
-2.089811e-02 6.819894e-02 4.730082e-02
-1.626991e-02 8.765205e-02 7.138214e-02
-1.407453e-02 -7.420794e-01 -7.561539e-01
-1.649616e-02 8.681711e-02 7.032095e-02
-2.487504e-02 5.817118e-02 3.329615e-02
-1.849117e-02 1.094264e-02 -7.548533e-03
-1.685339e-02 1.436138e-01 1.267604e-01
-1.239376e-02 7.125594e-01 7.001657e-01
-1.413433e-02 1.079541e-01 9.381974e-02
-1.723566e-02 3.651925e-02 1.928359e-02
-2.022079e-02 -1.396388e-01 -1.598596e-01
-1.346999e-02 3.856917e-01 3.722217e-01
-1.254393e-02 9.315142e-04 -1.161241e-02
-2.180709e-02 -1.110021e-01 -1.328092e-01
-2.296998e-02 2.182917e-01 1.953218e-01
-2.229570e-02 1.149961e-01 9.270039e-02
-1.550465e-02 2.566964e-02 1.016499e-02
-7.608570e-03 -7.847243e-02 -8.608100e-02
-9.080636e-03 -8.845100e-02 -9.753164e-02
-1.124604e-02 1.172597e-02 4.799293e-04
-5.851346e-03 -1.205385e-01 -1.263899e-01
-1.020395e-02 -2.633384e-01 -2.735424e-01
-1.481713e-02 1.739955e-01 1.591783e-01
-5.524648e-03 4.845011e-01 4.789765e-01
-5.926367e-04 1.943736e-02 1.884472e-02
1.604928e-02 -6.763659e-01 -6.603166e-01
3.307206e-02 -1.275396e+00 -1.242324e+00
6.555969e-02 -5.824597e-01 -5.169000e-01
4.560410e-02 -3.043968e-01 -2.587927e-01
1.331101e-01 -1.158275e-01 1.728260e-02
1.084963e-01 3.285816e-01 4.370779e-01
1.202201e-01 -9.841059e-01 -8.638858e-01
9.206209e-02 -6.883316e-02 2.322892e-02
2.010030e-01 5.580322e-01 7.590352e-01
2.439153e-01 -5.039499e-02 1.935203e-01
9.880152e-02 -2.921161e-02 6.958990e-02
1.424462e-01 -9.339374e-02 4.905246e-02
2.070112e-01 4.151974e-01 6.222086e-01
2.687652e-01 1.252583e-01 3.940234e-01
2.857629e-01 -6.051431e-01 -3.193802e-01
3.076599e-01 -3.061288e-03 3.045986e-01
3.043256e-01 1.057985e-01 4.101241e-01
2.974999e-01 -1.592697e-01 1.382303e-01
2.742727e-01 1.328284e-01 4.071011e-01
1.093060e-01 -1.436503e+00 -1.327197e+00
9.054292e-02 9.325365e-02 1.837966e-01
7.726924e-02 -3.997312e-02 3.729612e-02
4.166275e-02 2.634881e-01 3.051509e-01
2.647103e-02 9.780775e-02 1.242788e-01
1.437456e-02 1.007244e-01 1.150990e-01
1.430245e-02 -1.569957e+00 -1.555655e+00
3.892165e-03 -6.227820e-01 -6.188899e-01
1.106855e-02 -7.009972e-02 -5.903117e-02
7.556794e-03 -2.863340e-01 -2.787772e-01
1.014614e-02 6.883548e-02 7.898162e-02
6.531803e-03 1.041876e-01 1.107194e-01
2.175548e-02 5.880094e-01 6.097649e-01
3.797779e-02 3.471754e-02 7.269533e-02
1.147527e-02 1.743278e-02 2.890805e-02
9.029948e-03 7.245014e-02 8.148009e-02
2.414518e-02 -3.713317e-02 -1.298799e-02
3.731629e-02 -1.422724e-02 2.308905e-02
3.736925e-02 1.026253e+00 1.063622e+00
2.708713e-02 5.555198e-02 8.263912e-02
2.594898e-02 6.872750e-02 9.467648e-02
3.111090e-02 -1.858403e-01 -1.547294e-01
4.645205e-02 -4.999059e-01 -4.534538e-01
1.326608e-02 1.227581e-01 1.360242e-01
1.766251e-02 6.665216e-02 8.431467e-02
3.433911e-02 -1.917246e-01 -1.573855e-01
2.944580e-02 3.882820e-01 4.177278e-01
5.622071e-02 -3.745656e-02 1.876415e-02
1.353205e-01 -2.095550e+00 -1.960229e+00
1.650638e-01 5.094718e-02 2.160110e-01
8.202607e-02 -1.280144e-01 -4.598828e-02
1.725674e-01 5.594401e-01 7.320076e-01
3.206234e-01 1.306247e+00 1.626870e+00
1.762354e-01 -1.159066e-01 6.032876e-02
6.212601e-02 -1.319995e+00 -1.257869e+00
5.104286e-02 -8.514784e-02 -3.410498e-02
3.617228e-02 -3.941661e-02 -3.244324e-03
7.945187e-02 8.617410e-01 9.411929e-01
3.235848e-02 2.166507e-01 2.490092e-01
5.204222e-02 1.030224e-01 1.550646e-01
1.815508e-02 -3.646989e-02 -1.831480e-02
-3.168071e-03 6.305384e-02 5.988577e-02
1.018141e-02 -2.797721e-01 -2.695907e-01
-3.060980e-03 -3.770793e-01 -3.801403e-01
-4.604774e-03 -1.389781e-01 -1.435829e-01
-1.313114e-02 -1.842066e-01 -1.973377e-01
-1.132562e-02 4.239329e-01 4.126073e-01
-2.063881e-02 -3.824797e-02 -5.888678e-02
-2.256173e-02 1.559447e-01 1.333830e-01
-1.670560e-02 1.176711e-01 1.009655e-01
-1.349482e-02 1.000858e-01 8.659100e-02
-9.859187e-03 -4.217199e-01 -4.315791e-01
-8.510671e-03 -1.704558e-01 -1.789665e-01
-5.070984e-03 3.509999e-01 3.459289e-01
-4.983349e-03 3.790016e-02 3.291681e-02
-5.778439e-03 -9.180615e-01 -9.238399e-01
-3.802898e-03 8.333322e-02 7.953032e-02
-6.557472e-03 5.406162e-01 5.340587e-01
-5.614196e-03 -1.984838e-02 -2.546257e-02
-4.486524e-03 -2.491715e-02 -2.940367e-02
-2.684215e-03 -6.180069e-01 -6.206911e-01
-1.128421e-03 2.284596e-04 -8.999619e-04
-2.485299e-04 2.346047e-03 2.097517e-03
1.676359e-03 3.954163e-03 5.630521e-03
2.622377e-03 -9.418527e-02 -9.156289e-02
1.700855e-03 -3.490144e-03 -1.789289e-03
-6.293921e-04 -5.725402e-01 -5.731696e-01
-3.292806e-03 1.775677e-02 1.446397e-02
-3.265400e-04 -3.796912e-02 -3.829566e-02
-1.146875e-03 1.143448e-01 1.131980e-01
-3.536903e-03 1.066736e-01 1.031367e-01
-3.083741e-03 -6.138156e-02 -6.446530e-02
-2.299883e-03 -4.831400e-02 -5.061389e-02
-2.580450e-03 4.902123e-01 4.876319e-01
-1.436543e-03 -7.744026e-01 -7.758391e-01
-1.140844e-03 1.199912e-01 1.188504e-01
-3.739642e-03 5.000832e-01 4.963435e-01
-2.214485e-03 -2.853611e-01 -2.875756e-01
-3.232831e-03 -2.151793e-01 -2.184121e-01
-1.290603e-03 5.123124e-01 5.110217e-01
-1.867372e-03 8.279900e-02 8.093163e-02
-2.636413e-03 -1.347834e-01 -1.374198e-01
-1.383398e-03 -1.029399e-01 -1.043233e-01
-1.261982e-03 7.899331e-02 7.773133e-02
2.918707e-04 1.860245e-01 1.863164e-01
-8.254107e-04 2.482799e-01 2.474545e-01
-1.973651e-03 1.204071e-01 1.184334e-01
-7.632273e-04 -5.770864e-02 -5.847187e-02
-1.597778e-03 -1.117022e-01 -1.133000e-01
3.859554e-04 4.331238e-01 4.335098e-01
-6.169888e-04 1.022096e-01 1.015926e-01
-2.708709e-03 -4.161781e-02 -4.432652e-02
-1.951369e-03 4.531045e-01 4.511531e-01
-1.441937e-03 -1.171914e-01 -1.186333e-01
-1.744265e-03 -1.550856e-01 -1.568299e-01
-1.734771e-03 -2.520531e-02 -2.694008e-02
-5.678612e-04 4.765783e-01 4.760104e-01
3.414856e-03 1.309566e-01 1.343715e-01
1.025424e-02 -1.029575e-01 -9.270328e-02
9.299328e-03 -1.375376e-01 -1.282383e-01
3.358055e-02 -1.493689e-01 -1.157883e-01
7.049911e-02 4.925458e-02 1.197537e-01
5.246687e-02 -2.474182e-02 2.772506e-02
1.120913e-01 -7.838519e-02 3.370608e-02
1.834236e-01 -2.736275e-01 -9.020383e-02
2.663232e-01 -7.994118e-02 1.863820e-01
2.465869e-01 5.760108e-01 8.225976e-01
1.277339e-01 -2.856409e-02 9.916980e-02
4.660487e-02 -2.498887e-01 -2.032839e-01
7.350105e-02 1.559630e-01 2.294641e-01
2.816179e-02 1.014941e+00 1.043103e+00
3.610357e-02 -6.193729e-01 -5.832693e-01
1.231796e-01 1.794440e-01 3.026236e-01
2.345965e-01 -7.642213e-02 1.581744e-01
2.027013e-01 -5.132208e-01 -3.105195e-01
2.933735e-01 -1.298545e-01 1.635190e-01
2.049038e-01 1.118555e-01 3.167593e-01
2.449447e-01 3.871232e-01 6.320679e-01
1.472850e-01 2.083857e-01 3.556707e-01
1.335058e-01 2.615988e-01 3.951045e-01
2.275222e-01 -6.012835e-01 -3.737613e-01
1.661397e-01 1.298265e-01 2.959661e-01
8.352913e-02 1.051354e-01 1.886645e-01
8.871730e-02 5.733197e-02 1.460493e-01
1.610998e-01 1.756139e-01 3.367137e-01
8.783167e-02 -8.750242e-02 3.292588e-04
3.535928e-02 -1.241648e-01 -8.880548e-02
1.280011e-02 1.073453e+00 1.086253e+00
5.235224e-02 6.936658e-01 7.460180e-01
1.389439e-01 -8.970620e-02 4.923772e-02
8.523468e-02 5.075588e-03 9.031027e-02
1.491573e-01 -2.892235e-02 1.202349e-01
6.073380e-02 -2.414794e-01 -1.807456e-01
1.502134e-01 7.971342e-02 2.299268e-01
3.855523e-02 5.591996e-01 5.977549e-01
9.557039e-02 8.904208e-02 1.846125e-01
3.250960e-02 -1.898851e-01 -1.573755e-01
5.531114e-02 2.433240e-01 2.986352e-01
5.817625e-02 -1.410698e-01 -8.289355e-02
1.951007e-01 1.276946e-01 3.227953e-01
1.674196e-01 2.345950e-01 4.020146e-01
6.937054e-02 -2.753926e-01 -2.060221e-01
1.236145e-01 -1.089094e-01 1.470516e-02
1.796243e-01 5.349791e-02 2.331222e-01
1.386254e-01 -1.521519e-01 -1.352653e-02
2.491415e-01 -1.149299e-02 2.376485e-01
1.362099e-01 -2.279837e-01 -9.177382e-02
5.159538e-02 4.326740e-02 9.486278e-02
4.035326e-02 7.611605e-02 1.164693e-01
1.227177e-02 3.993161e-02 5.220337e-02
1.440058e-02 -7.047644e-02 -5.607586e-02
3.455138e-02 -4.707636e-02 -1.252498e-02
9.055618e-03 -2.119908e-01 -2.029352e-01
4.022463e-04 -2.080824e-02 -2.040600e-02
3.097320e-03 -2.867125e-01 -2.836152e-01
7.283025e-03 -1.844279e-01 -1.771448e-01
8.183211e-03 -3.415547e-01 -3.333715e-01
6.270163e-05 -3.624620e-02 -3.618349e-02
-2.187882e-03 -9.599266e-02 -9.818055e-02
1.163981e-03 -9.139515e-01 -9.127875e-01
8.668586e-03 -1.604415e-01 -1.517729e-01
1.141843e-02 2.165044e-02 3.306887e-02
4.538119e-02 -5.230688e-02 -6.925682e-03
1.731207e-01 -1.611707e-01 1.195003e-02
2.418858e-01 -5.273998e-01 -2.855140e-01
2.425059e-01 1.595946e-02 2.584653e-01
2.171326e-01 1.363974e-01 3.535301e-01
1.965784e-01 -7.767672e-02 1.189017e-01
1.470180e-01 -1.255353e-01 2.148270e-02
1.215298e-01 -3.496471e-02 8.656512e-02
1.627147e-01 5.559381e-01 7.186528e-01
1.392670e-01 -1.505183e-01 -1.125132e-02
1.079777e-01 1.003282e-02 1.180105e-01
9.394879e-02 1.144468e-01 2.083955e-01
1.653206e-01 1.219300e-01 2.872506e-01
5.509392e-02 6.354719e-01 6.905658e-01
4.161653e-02 3.345451e-01 3.761616e-01
2.684370e-02 -4.407328e-01 -4.138891e-01
6.727963e-02 1.079638e-01 1.752434e-01
2.060917e-02 -8.424085e-01 -8.217993e-01
9.217097e-03 -5.305194e-01 -5.213023e-01
2.904694e-02 -6.397963e-01 -6.107494e-01
2.734656e-02 4.260324e-02 6.994979e-02
2.976596e-02 1.715619e-01 2.013278e-01
2.371446e-02 5.968107e-01 6.205252e-01
6.215101e-02 -5.929925e-01 -5.308415e-01
4.026624e-02 -4.043228e-02 -1.660403e-04
3.519000e-02 1.145367e-02 4.664367e-02
2.244470e-02 3.517066e-01 3.741513e-01
8.795692e-02 -5.427960e-01 -4.548391e-01
1.009962e-01 -4.491113e-01 -3.481151e-01
7.554876e-02 -3.011290e-01 -2.255802e-01
3.368555e-02 -2.932917e-01 -2.596062e-01
6.023292e-02 -8.842737e-01 -8.240407e-01
4.232513e-02 -5.223196e-02 -9.906830e-03
3.981155e-02 5.318842e-01 5.716957e-01
1.981357e-02 1.125460e-01 1.323596e-01
5.417498e-02 1.410080e-02 6.827578e-02
3.222161e-02 1.342681e-02 4.564842e-02
3.327736e-02 4.940590e-02 8.268326e-02
2.435769e-02 -2.485862e-01 -2.242285e-01
1.618390e-02 2.835644e-01 2.997483e-01
2.248967e-02 5.347794e-01 5.572690e-01
6.764115e-02 -3.038716e-01 -2.362304e-01
1.538027e-01 -2.131741e-02 1.324853e-01
1.633487e-01 4.818815e-01 6.452302e-01
1.531381e-01 -9.524857e-01 -7.993476e-01
1.024607e-01 -1.336822e-01 -3.122151e-02
1.347002e-01 -2.028419e-01 -6.814170e-02
1.596248e-01 -2.942291e-01 -1.346042e-01
1.487273e-01 -2.291591e-01 -8.043181e-02
2.879893e-01 2.336883e-01 5.216776e-01
1.977880e-01 -1.630634e-02 1.814817e-01
1.865839e-01 9.123938e-02 2.778233e-01
1.338359e-01 5.714330e-02 1.909792e-01
2.343904e-01 5.237585e-02 2.867663e-01
2.055004e-01 4.706045e-02 2.525609e-01
2.296686e-01 -2.000195e-01 2.964903e-02
-3.347643e-02 -8.374135e-02 -1.172178e-01
-3.674540e-02 1.006392e-01 6.389377e-02
1.137798e-01 6.088832e-02 1.746682e-01
-1.043594e-01 -7.279767e-02 -1.771570e-01
-8.636734e-02 -2.075943e-01 -2.939616e-01
-1.180779e-01 7.202102e-02 -4.605685e-02
3.795922e-02 5.468876e-02 9.264798e-02
1.070401e-01 1.107716e-01 2.178117e-01
-5.621736e-02 3.204826e-01 2.642652e-01
-1.203906e-01 9.970181e-02 -2.068880e-02
1.013294e-01 1.990559e-01 3.003853e-01
1.901973e-01 -2.730927e-03 1.874664e-01
2.125897e-01 1.226883e-02 2.248585e-01
1.776632e-01 -2.620766e-02 1.514555e-01
1.753031e-01 -4.163173e-01 -2.410142e-01
1.650364e-01 -1.926443e-02 1.457720e-01
7.652573e-02 6.917939e-02 1.457051e-01
-1.341065e-01 -1.550218e-02 -1.496086e-01
1.271907e-01 -1.792571e-01 -5.206636e-02
9.102764e-02 -8.754511e-02 3.482527e-03
2.652532e-02 -8.375311e-02 -5.722778e-02
-3.418638e-01 1.418069e-01 -2.000570e-01
-3.090349e-01 -5.322514e-01 -8.412863e-01
1.360678e-01 -2.348280e-02 1.125850e-01
1.590454e-01 -1.095783e-01 4.946708e-02
9.633091e-02 -6.908315e-02 2.724777e-02
1.761296e-01 -8.785807e-02 8.827151e-02
1.580038e-01 -5.216536e-02 1.058384e-01
8.751441e-02 -1.147257e-02 7.604184e-02
4.767446e-02 -2.778580e-01 -2.301835e-01
9.718132e-03 4.519976e-02 5.491790e-02
8.669140e-03 1.499276e+00 1.507945e+00
3.625255e-02 -1.240424e-01 -8.778981e-02
6.774545e-02 -1.694044e-01 -1.016590e-01
5.711523e-02 2.977218e-02 8.688741e-02
2.651844e-02 2.062097e-03 2.858053e-02
2.418928e-02 3.291920e-01 3.533813e-01
3.925012e-02 -2.589324e-02 1.335689e-02
9.216316e-02 7.499692e-02 1.671601e-01
8.843855e-02 2.702538e-02 1.154639e-01
1.862479e-02 -4.282082e-01 -4.095834e-01
-3.483431e-04 -6.501840e-02 -6.536674e-02
-2.837918e-03 2.094590e-01 2.066211e-01
-4.604705e-03 3.431249e-01 3.385202e-01
-8.464687e-04 6.730783e-01 6.722318e-01
4.742319e-03 -4.241692e-02 -3.767460e-02
1.216452e-02 -1.304924e-01 -1.183278e-01
3.282137e-02 -1.566016e-01 -1.237802e-01
7.835290e-03 -7.894567e-01 -7.816214e-01
4.117780e-03 -7.884406e-01 -7.843228e-01
2.404207e-02 -1.120096e-01 -8.796748e-02
1.094900e-01 -3.044425e-01 -1.949525e-01
2.111863e-01 -2.057259e-02 1.906137e-01
2.715658e-01 8.750261e-02 3.590684e-01
2.661335e-01 -1.114676e-01 1.546659e-01
2.700688e-01 1.168794e-01 3.869482e-01
2.389879e-01 2.921469e-01 5.311348e-01
2.074143e-01 1.351803e-01 3.425947e-01
1.277921e-01 6.050334e-02 1.882954e-01
1.685651e-01 1.946996e-01 3.632646e-01
1.092799e-01 3.821588e-01 4.914387e-01
6.322501e-02 -2.306301e-01 -1.674051e-01
6.948576e-02 -1.030653e-01 -3.357951e-02
2.106382e-02 -1.232838e-02 8.735440e-03
1.252479e-02 -3.822089e-02 -2.569610e-02
1.047882e-02 -2.755017e-01 -2.650228e-01
6.971176e-03 -6.094070e-01 -6.024359e-01
2.173118e-02 1.153433e-01 1.370745e-01
1.054203e-02 3.586840e-01 3.692260e-01
1.229177e-02 -4.595724e-02 -3.366546e-02
1.115254e-03 1.419228e-01 1.430381e-01
3.811576e-03 4.180067e-02 4.561224e-02
-4.119068e-04 1.137046e-01 1.132927e-01
2.957839e-03 9.648265e-02 9.944049e-02
1.149776e-03 3.923757e-02 4.038735e-02
7.551351e-04 -1.908283e-01 -1.900731e-01
-4.352221e-04 -7.571185e-01 -7.575538e-01
-1.649205e-03 1.972550e-01 1.956057e-01
-1.807850e-03 -1.133982e-01 -1.152061e-01
-8.865025e-04 1.661803e+00 1.660917e+00
-1.361667e-03 2.960423e-01 2.946807e-01
-1.192779e-03 2.856372e-01 2.844444e-01
-1.744374e-03 9.305547e-03 7.561173e-03
-1.472883e-03 -8.456141e-02 -8.603429e-02
-1.295873e-03 -1.628658e-01 -1.641616e-01
-2.331710e-03 1.269952e-02 1.036781e-02
-1.048316e-03 -1.913367e-02 -2.018199e-02
-1.166145e-03 2.251312e-01 2.239651e-01
-5.203968e-04 3.492320e-02 3.440281e-02
-1.656157e-03 -7.578733e-02 -7.744349e-02
-1.463992e-03 1.325671e-01 1.311031e-01
-3.206601e-03 5.740875e-02 5.420215e-02
-3.424842e-03 2.556485e-01 2.522236e-01
-1.665145e-03 2.711544e-02 2.545029e-02
-1.030834e-03 -2.957093e-01 -2.967401e-01
-8.243034e-04 -2.020191e-01 -2.028434e-01
-1.250874e-03 -1.918241e-02 -2.043328e-02
-1.383723e-03 -1.944783e-01 -1.958620e-01
-9.803517e-04 3.732908e-02 3.634873e-02
-1.709554e-03 -1.331911e-01 -1.349007e-01
-7.578273e-04 1.111200e-01 1.103621e-01
-1.305932e-03 7.316386e-01 7.303327e-01
-2.074440e-03 2.228224e-01 2.207480e-01
-5.370210e-04 5.714715e-01 5.709345e-01
1.696676e-05 -1.148939e-01 -1.148770e-01
1.807327e-03 4.063008e-01 4.081081e-01
-3.050453e-04 -2.651686e-02 -2.682191e-02
2.755344e-04 -3.688486e-01 -3.685730e-01
1.747178e-03 9.843726e-04 2.731551e-03
2.215723e-03 6.946782e-02 7.168354e-02
-2.671041e-03 3.103574e-01 3.076864e-01
-3.483770e-03 -3.545587e-03 -7.029356e-03
1.441112e-04 1.106050e-01 1.107491e-01
-3.134644e-03 -2.907262e-01 -2.938609e-01
-2.868541e-03 2.865609e-01 2.836923e-01
1.614091e-03 1.107574e-01 1.123715e-01
2.024654e-03 -2.841075e-03 -8.164210e-04
-3.019641e-03 -1.309377e-01 -1.339574e-01
-4.740887e-04 -9.150006e-01 -9.154746e-01
-1.709471e-03 -3.396794e-01 -3.413889e-01
1.311339e-04 3.866272e-02 3.879385e-02
1.241768e-04 8.379100e-02 8.391518e-02
1.172907e-03 -3.886406e-01 -3.874677e-01
-5.111894e-04 -1.525157e-01 -1.530269e-01
-2.113683e-03 1.104424e-01 1.083288e-01
-2.390145e-03 -4.152964e-01 -4.176865e-01
-3.863312e-03 -2.378475e-01 -2.417108e-01
-5.227420e-03 -3.571459e-01 -3.623733e-01
-9.256241e-03 -7.278881e-02 -8.204505e-02
