4.446979e-06 1.878451e-07 8.474921e-11
2.517466e-06 6.192740e-08 3.200514e-11
2.205159e-06 2.652514e-08 2.694116e-11
3.737643e-06 8.353552e-08 6.279474e-11
4.349590e-06 9.542837e-08 7.182647e-11
2.614469e-06 9.015479e-08 2.834466e-11
1.947360e-06 4.980958e-08 1.632776e-11
2.392750e-06 3.431682e-08 2.949146e-11
4.492654e-06 8.174067e-08 7.556170e-11
8.232827e-06 2.249883e-07 1.190692e-10
1.052726e-05 2.472065e-07 1.509663e-10
8.895650e-06 2.200602e-07 1.314654e-10
6.115731e-06 2.130769e-07 6.301752e-11
3.594924e-06 7.746173e-08 4.601205e-11
3.320965e-06 1.329504e-07 3.487658e-11
4.357898e-06 2.872624e-07 2.798653e-11
4.223189e-06 2.408716e-07 3.406475e-11
2.809122e-06 8.145080e-08 3.242656e-11
4.991063e-06 7.674329e-08 9.709636e-11
6.403212e-06 2.060509e-07 9.440586e-11
1.319051e-05 4.051161e-07 6.952836e-11
8.234933e-06 1.908435e-07 1.777587e-10
1.650295e-05 2.347424e-07 5.324668e-10
1.521611e-05 3.454347e-07 2.568521e-10
1.313839e-05 2.161792e-07 5.096139e-10
1.057322e-05 8.775011e-08 6.616213e-10
7.954437e-06 4.963773e-08 1.187366e-09
5.300668e-06 1.523843e-07 5.118438e-10
5.749374e-06 1.656013e-07 1.053633e-09
2.610942e-06 5.654512e-08 4.211874e-10
3.428567e-06 7.833037e-08 8.863228e-10
2.857062e-06 3.708291e-08 9.977437e-10
2.665927e-06 4.542015e-08 1.805702e-09
1.599277e-06 1.467852e-08 4.208494e-09
1.008260e-06 1.566242e-08 1.620983e-09
1.034639e-06 5.002075e-09 2.694514e-09
1.096663e-06 1.591658e-09 2.004141e-09
1.520217e-06 1.097916e-09 2.927095e-09
1.025118e-06 1.440838e-09 2.128752e-09
1.009376e-06 1.002040e-09 2.327928e-09
1.023087e-06 1.315475e-09 3.514622e-09
1.001304e-06 1.072337e-09 1.512105e-09
1.020680e-06 1.002771e-09 3.507281e-09
1.243121e-06 1.012885e-09 2.428663e-09
1.123549e-06 1.126172e-09 2.965884e-09
1.034862e-06 1.004794e-09 1.120524e-09
1.000188e-06 1.108391e-09 2.322907e-09
1.007094e-06 1.078914e-09 3.213639e-09
1.008112e-06 1.026156e-09 2.674607e-09
1.001192e-06 1.007195e-09 2.830802e-09
1.037815e-06 1.726748e-09 1.718762e-09
1.002604e-06 1.028820e-09 5.177950e-09
1.134227e-06 1.106820e-09 1.972363e-09
1.001605e-06 1.182768e-09 2.403431e-09
1.003600e-06 1.855269e-09 1.671493e-09
1.033950e-06 1.016509e-09 9.155638e-10
1.043541e-06 1.023264e-09 1.444215e-09
1.127287e-06 1.266019e-09 1.789864e-09
1.011648e-06 1.068846e-09 9.049521e-10
1.014182e-06 1.017560e-09 1.413657e-09
1.128927e-06 1.218290e-09 1.759874e-09
1.004679e-06 1.011340e-09 3.170640e-09
1.028945e-06 1.582377e-09 1.584711e-09
1.014898e-06 1.484863e-09 2.464307e-09
1.011791e-06 1.027078e-09 3.232065e-09
1.006013e-06 1.015499e-09 2.647772e-09
1.035286e-06 1.012115e-09 1.995104e-09
1.407801e-06 1.169715e-09 3.623546e-09
3.521528e-06 2.497069e-09 1.558470e-09
6.334088e-06 7.846512e-09 1.316563e-09
7.093289e-06 1.070282e-08 9.715124e-10
5.071545e-06 2.873378e-08 5.305494e-10
3.893956e-06 3.342383e-08 2.853262e-10
6.748261e-06 2.996837e-08 6.854135e-10
6.890391e-06 4.784412e-08 6.486507e-10
7.928902e-06 7.610724e-08 6.748632e-10
9.479320e-06 2.863000e-08 1.588149e-09
1.044013e-05 7.446777e-08 2.063970e-09
9.533381e-06 1.876306e-07 8.232982e-10
4.992228e-06 1.236565e-07 2.955539e-10
6.755495e-06 9.885892e-08 7.298205e-10
6.816137e-06 5.296189e-08 9.192102e-10
7.575942e-06 5.664555e-08 1.178528e-09
5.681172e-06 1.560753e-07 4.105458e-10
1.091188e-05 3.883072e-07 4.949178e-10
4.185955e-06 1.744985e-07 2.000539e-10
4.056121e-06 1.151787e-07 1.991545e-10
3.945479e-06 7.110452e-08 2.338780e-10
3.948170e-06 8.616200e-08 1.858562e-10
2.692593e-06 5.381162e-08 1.012937e-10
2.976097e-06 1.253286e-07 8.412288e-11
3.085550e-06 2.616211e-07 4.954826e-11
3.279827e-06 4.627495e-07 2.203171e-11
3.979741e-06 5.961097e-07 1.796579e-11
2.659918e-06 3.527087e-07 2.583406e-11
1.616147e-06 3.207111e-07 1.338296e-11
1.503305e-06 1.313820e-07 2.524520e-11
1.560105e-06 2.578171e-07 1.550887e-11
1.008479e-06 1.834736e-07 1.019151e-11
1.335168e-06 1.337937e-07 2.162287e-11
1.702592e-06 1.035686e-07 3.672014e-11
2.004691e-06 1.265105e-07 4.950024e-11
1.878210e-06 8.819286e-08 4.179529e-11
1.830817e-06 2.109279e-07 2.657590e-11
1.733822e-06 4.381978e-07 1.014333e-11
2.210984e-06 4.742168e-07 1.427464e-11
2.134479e-06 2.861392e-07 2.680928e-11
1.594874e-06 2.325279e-07 1.890437e-11
2.572936e-06 4.684535e-07 1.900238e-11
1.685862e-06 3.052844e-07 1.626492e-11
1.440837e-06 2.775291e-07 1.484414e-11
2.940830e-06 4.346826e-07 2.770988e-11
2.195245e-06 1.768350e-07 4.636388e-11
1.818675e-06 7.901294e-08 3.796641e-11
2.848066e-06 9.638002e-08 9.550660e-11
3.906530e-06 2.652858e-07 9.327913e-11
2.542437e-06 2.059154e-07 5.337547e-11
3.460395e-06 4.311423e-07 3.425010e-11
2.621464e-06 5.832422e-07 1.121677e-11
1.579751e-06 3.199480e-07 1.260576e-11
2.528440e-06 2.646427e-07 3.975665e-11
2.961209e-06 2.896669e-07 5.340192e-11
3.068122e-06 1.226786e-07 1.217253e-10
4.464887e-06 1.015840e-07 2.226521e-10
1.158410e-05 3.162641e-07 6.957163e-10
2.389277e-05 5.224314e-07 1.014807e-09
3.006427e-05 3.671922e-07 2.693259e-09
1.821392e-05 3.846355e-07 1.087666e-09
1.565165e-05 1.430997e-07 2.473563e-09
9.150349e-06 4.578148e-08 1.170712e-09
8.610534e-06 1.467505e-08 1.019065e-09
9.568430e-06 1.351899e-08 2.310898e-09
1.220480e-05 4.158891e-08 4.090744e-09
1.161381e-05 6.195200e-08 4.821434e-09
1.330262e-05 1.339035e-07 4.477153e-09
2.801208e-05 3.594757e-07 5.986389e-09
1.123449e-05 1.422768e-07 2.667381e-09
1.253750e-05 1.982975e-07 2.564261e-09
1.564074e-05 3.656459e-07 1.472773e-09
3.082898e-05 6.247285e-07 1.480497e-09
1.638046e-05 3.215573e-07 3.057384e-09
1.313494e-05 3.859048e-07 1.156849e-09
9.683647e-06 3.544573e-07 7.874632e-10
7.198729e-06 2.046495e-07 8.186668e-10
1.478246e-05 3.778895e-07 1.688118e-09
1.543739e-05 4.834811e-07 1.135017e-09
2.523651e-05 5.539180e-07 3.084278e-09
1.444469e-05 3.749126e-07 2.095002e-09
1.122072e-05 2.292700e-07 3.437309e-09
1.815202e-05 2.754247e-07 7.695552e-09
1.168642e-05 1.105809e-07 7.494429e-09
1.021344e-05 6.677479e-08 4.123829e-09
1.195176e-05 6.590962e-08 9.742461e-09
1.082583e-05 1.170815e-07 4.977503e-09
9.062132e-06 3.765052e-08 4.449057e-09
7.883140e-06 8.947484e-08 1.937946e-09
6.085196e-06 4.085693e-08 1.237135e-09
4.434260e-06 5.336870e-08 6.439808e-10
4.682315e-06 7.077615e-08 7.544266e-10
7.899665e-06 2.235903e-07 1.049985e-09
4.634766e-06 1.390762e-07 3.949521e-10
7.491306e-06 4.648838e-08 1.204198e-09
9.333635e-06 6.640958e-08 1.882309e-09
1.060932e-05 2.730977e-08 4.042059e-09
1.150976e-05 1.406310e-08 5.157472e-09
1.049360e-05 1.504635e-08 4.570927e-09
1.091409e-05 4.306721e-08 6.779572e-09
1.164215e-05 4.906056e-08 6.581145e-09
8.807849e-06 4.167539e-08 2.868136e-09
6.478443e-06 8.743440e-08 1.031168e-09
9.077987e-06 5.861370e-08 2.386690e-09
1.073748e-05 1.140135e-07 3.781974e-09
1.333843e-05 3.204381e-07 1.530466e-09
1.494890e-05 4.415141e-07 1.122318e-09
3.531208e-05 6.042197e-07 2.819963e-09
1.099782e-04 8.603074e-07 9.051089e-10
1.159651e-04 8.610899e-07 1.038830e-09
5.443634e-05 7.932897e-07 1.830011e-09
1.297721e-04 8.924781e-07 1.411312e-09
1.059293e-04 8.596530e-07 6.760821e-10
1.800059e-04 8.736491e-07 3.621004e-10
3.202456e-04 7.718127e-07 1.834509e-10
1.390452e-04 9.036700e-07 2.128671e-10
2.227084e-04 8.532333e-07 4.233329e-10
3.810350e-04 8.171353e-07 9.171045e-10
1.626244e-04 8.913387e-07 7.256230e-10
1.534252e-04 9.008690e-07 1.933585e-09
2.241142e-04 8.845684e-07 2.562693e-09
1.051181e-04 8.666989e-07 2.008528e-09
3.338694e-05 6.289078e-07 2.929436e-09
5.343921e-05 6.184999e-07 8.731466e-09
2.813859e-05 4.916571e-07 4.423590e-09
6.817944e-05 7.291511e-07 9.142459e-09
5.575845e-05 6.944393e-07 4.592615e-09
1.709440e-04 8.748637e-07 9.561136e-09
2.813193e-04 8.277228e-07 4.139239e-09
1.568568e-04 8.130679e-07 3.131179e-09
2.505302e-04 7.670281e-07 1.736434e-09
2.488060e-04 7.858206e-07 2.940395e-09
1.673192e-04 7.724032e-07 1.663906e-09
2.677405e-04 7.107207e-07 6.926145e-10
3.307200e-04 6.941832e-07 1.205269e-09
2.552567e-04 7.360545e-07 1.793624e-09
1.129560e-04 7.798132e-07 1.009063e-09
3.646960e-05 6.072952e-07 2.013651e-09
5.052502e-05 6.028809e-07 6.060993e-09
1.685012e-05 3.289556e-07 1.968699e-09
2.899808e-05 6.625945e-07 6.993594e-10
2.143366e-05 4.708927e-07 1.614200e-09
1.144413e-05 2.245684e-07 1.442616e-09
9.501357e-06 7.882481e-08 2.016626e-09
9.345898e-06 5.710462e-08 1.863546e-09
6.949941e-06 2.902333e-08 1.101697e-09
7.033812e-06 9.230208e-09 9.386740e-10
8.634230e-06 1.114290e-08 1.632348e-09
1.188965e-05 4.070505e-09 2.279056e-09
1.160378e-05 4.385841e-09 2.424454e-09
1.586381e-05 8.157442e-09 7.379526e-09
1.245295e-05 2.759250e-09 2.354173e-09
8.973457e-06 5.231367e-09 1.412540e-09
6.744535e-06 8.381273e-09 1.181320e-09
5.375438e-06 4.305380e-09 5.658214e-10
8.072279e-06 4.692566e-09 1.170250e-09
6.042612e-06 1.884615e-09 5.228836e-10
8.115659e-06 3.923981e-09 1.207204e-09
4.259156e-06 6.223974e-09 3.942195e-10
3.780401e-06 3.650652e-09 2.457999e-10
5.022810e-06 4.464550e-09 3.843902e-10
4.141278e-06 3.070019e-09 2.998890e-10
3.254534e-06 6.868728e-09 1.927860e-10
2.754858e-06 3.328855e-09 1.147119e-10
2.870690e-06 2.454076e-09 1.298835e-10
2.779352e-06 1.055524e-09 1.000007e-10
3.492468e-06 3.318623e-09 1.922264e-10
2.275144e-06 2.602152e-09 8.978009e-11
1.407486e-06 2.383495e-09 3.417198e-11
2.019716e-06 1.366853e-09 5.920792e-11
1.048504e-06 3.543028e-09 2.015425e-11
1.639651e-06 6.420290e-09 4.740047e-11
1.295690e-06 3.008712e-09 2.292932e-11
1.436248e-06 3.925054e-09 3.009915e-11
2.631505e-06 3.483249e-09 9.168798e-11
2.170323e-06 1.062661e-08 7.380134e-11
2.986127e-06 3.191285e-08 1.376424e-10
5.336640e-06 6.994815e-08 4.349268e-10
3.623715e-06 2.288096e-08 1.948522e-10
2.706615e-06 1.286753e-08 1.123066e-10
3.183171e-06 2.901515e-08 1.702523e-10
2.225349e-06 3.438962e-08 9.250020e-11
3.748331e-06 1.379212e-08 2.618481e-10
2.566834e-06 3.160901e-08 1.172273e-10
2.114475e-06 1.620144e-08 7.637097e-11
1.923961e-06 1.131659e-08 6.488659e-11
2.684788e-06 2.069111e-08 1.060087e-10
2.621291e-06 9.600471e-09 9.481448e-11
2.022811e-06 7.159763e-09 5.920592e-11
2.087003e-06 6.108475e-09 6.077102e-11
3.206416e-06 7.975303e-09 1.289261e-10
2.097194e-06 6.436980e-09 5.898255e-11
1.228350e-06 5.480264e-09 2.220769e-11
1.706684e-06 1.763154e-09 3.499720e-11
2.566117e-06 3.216919e-09 8.810875e-11
1.499919e-06 6.905937e-09 3.472852e-11
1.515800e-06 1.336680e-08 3.405919e-11
2.882968e-06 5.868167e-09 1.033809e-10
4.782616e-06 1.919291e-09 2.165859e-10
5.156166e-06 4.333047e-09 3.475313e-10
4.851791e-06 1.566769e-09 2.247554e-10
5.121374e-06 1.510900e-09 2.546201e-10
3.895359e-06 3.114525e-09 1.997709e-10
2.652047e-06 9.633123e-09 9.721897e-11
1.522604e-06 5.243626e-09 3.528236e-11
2.026038e-06 5.531737e-09 6.230715e-11
2.833455e-06 2.645300e-09 1.025464e-10
3.973876e-06 1.370796e-09 1.769491e-10
2.607036e-06 2.095242e-09 1.560417e-10
2.560153e-06 2.696083e-09 8.155492e-11
2.364432e-06 4.295322e-09 8.006081e-11
2.797000e-06 4.283532e-09 8.935198e-11
2.551024e-06 1.271291e-08 1.132700e-10
1.775994e-06 2.619906e-08 6.206212e-11
1.153457e-06 1.197468e-08 2.394794e-11
1.004331e-06 1.579843e-08 1.835752e-11
1.616089e-06 1.054496e-08 4.022119e-11
2.089469e-06 2.104036e-08 7.801308e-11
1.420316e-06 8.287662e-09 3.764831e-11
1.325066e-06 1.194624e-08 3.360385e-11
1.778850e-06 2.948509e-08 6.129104e-11
2.906087e-06 3.129335e-08 1.761619e-10
1.698641e-06 2.012324e-08 5.854658e-11
1.773926e-06 1.594588e-08 6.343947e-11
1.368601e-06 1.260306e-08 4.004807e-11
1.437254e-06 1.186888e-08 4.147920e-11
1.359748e-06 1.245809e-08 3.977487e-11
1.660189e-06 4.100592e-09 4.201771e-11
1.015748e-06 6.877471e-09 2.065255e-11
1.376699e-06 1.164675e-08 3.694838e-11
1.895254e-06 3.892760e-09 6.037985e-11
1.178910e-06 5.643186e-09 2.549227e-11
1.145577e-06 4.062594e-09 2.382928e-11
1.596328e-06 6.214336e-09 5.119715e-11
1.861010e-06 3.330852e-09 5.866636e-11
2.956843e-06 1.538854e-09 1.181932e-10
2.306195e-06 1.595843e-09 7.224012e-11
2.851248e-06 4.850639e-09 1.370865e-10
2.315769e-06 5.564267e-09 1.158140e-10
2.944759e-06 4.325882e-09 1.398347e-10
2.540052e-06 3.469129e-09 1.033906e-10
2.410588e-06 1.729188e-09 7.458339e-11
1.893762e-06 2.854744e-09 5.212806e-11
2.366526e-06 1.001176e-09 5.860691e-11
2.985969e-06 2.642348e-09 1.156283e-10
3.226145e-06 3.615913e-09 1.384805e-10
2.901843e-06 2.380100e-09 1.302329e-10
4.053796e-06 1.558865e-09 1.958283e-10
3.323414e-06 3.456597e-09 1.518353e-10
2.254966e-06 6.869700e-09 9.315100e-11
2.107065e-06 1.325460e-08 8.541030e-11
1.848027e-06 4.002801e-08 6.644174e-11
2.773269e-06 3.781188e-08 1.573190e-10
4.920158e-06 7.323632e-08 3.863039e-10
7.260750e-06 7.328256e-08 9.956032e-10
8.371645e-06 3.793852e-08 1.342477e-09
8.195473e-06 4.457714e-08 1.371759e-09
1.169038e-05 1.084530e-07 2.608333e-09
1.060371e-05 1.887819e-07 1.446779e-09
1.030226e-05 8.028447e-08 2.239583e-09
1.167615e-05 3.306792e-08 2.995269e-09
8.440061e-06 3.778631e-08 1.614688e-09
1.369322e-05 1.210283e-08 4.939885e-09
1.029309e-05 1.999853e-08 2.391301e-09
1.310963e-05 1.100557e-08 4.625154e-09
1.367380e-05 3.688319e-09 2.757814e-09
1.133683e-05 1.564541e-09 1.424525e-09
6.650736e-06 3.856514e-09 5.279330e-10
5.382467e-06 8.072583e-09 4.049746e-10
5.124633e-06 3.973734e-09 3.007576e-10
5.877078e-06 1.253383e-08 6.502075e-10
8.040488e-06 5.781677e-09 8.738691e-10
1.168342e-05 4.931544e-09 2.036583e-09
1.197606e-05 8.475616e-09 2.943247e-09
8.748172e-06 2.210177e-08 1.429300e-09
1.354948e-05 8.383616e-09 3.624777e-09
9.398599e-06 1.233914e-08 1.463437e-09
1.075812e-05 3.783873e-08 2.240159e-09
1.371985e-05 6.882910e-08 4.453457e-09
1.251778e-05 3.694495e-08 4.269788e-09
1.530340e-05 6.648335e-08 5.760727e-09
1.839915e-05 1.476797e-07 4.592547e-09
1.413154e-05 6.458118e-08 3.329583e-09
2.321527e-05 1.638652e-07 9.484566e-09
1.971374e-05 1.241977e-07 7.272740e-09
1.579472e-05 7.135755e-08 4.557165e-09
1.006758e-05 4.356212e-08 1.480166e-09
1.379707e-05 3.846981e-08 3.123089e-09
1.527217e-05 3.137892e-08 5.015610e-09
1.715938e-05 2.571005e-08 9.696065e-09
1.628673e-05 2.663886e-08 7.402113e-09
1.599284e-05 6.130954e-08 5.819444e-09
1.242486e-05 4.091197e-08 3.044245e-09
1.523093e-05 1.306283e-08 5.753645e-09
1.036318e-05 2.344201e-08 1.974029e-09
8.678736e-06 3.582259e-08 1.314204e-09
1.266240e-05 3.644577e-08 3.101351e-09
1.508794e-05 5.742501e-08 4.742677e-09
1.659668e-05 9.558776e-08 5.433066e-09
2.098712e-05 1.483319e-07 6.793493e-09
2.429336e-05 1.859845e-07 9.414917e-09
1.848448e-05 1.193534e-07 5.213812e-09
1.313198e-05 6.804751e-08 2.453450e-09
1.561445e-05 1.020596e-07 4.161767e-09
2.284141e-05 2.548792e-07 3.962509e-09
1.678380e-05 2.153292e-07 2.489826e-09
3.341280e-05 5.424036e-07 1.254393e-09
2.368062e-05 2.977036e-07 2.094522e-09
3.029361e-05 5.560829e-07 6.850338e-10
4.454857e-05 6.227551e-07 8.741834e-10
1.405655e-04 6.467382e-07 1.051137e-09
1.949227e-04 6.335144e-07 3.264751e-09
2.902248e-04 5.789797e-07 1.541994e-09
2.158997e-04 6.151726e-07 3.166251e-09
3.004767e-04 5.891814e-07 2.532765e-09
2.023515e-04 6.734005e-07 7.215637e-09
6.610037e-05 5.639590e-07 2.491324e-09
7.888656e-05 5.669497e-07 2.687359e-09
5.564695e-05 5.349843e-07 1.532573e-09
3.599508e-05 5.517408e-07 5.064376e-10
1.061501e-04 5.767187e-07 1.526012e-09
1.875246e-04 5.951994e-07 1.012514e-09
1.632100e-04 5.907102e-07 4.067138e-10
5.197036e-05 5.650781e-07 6.593278e-10
1.771721e-05 2.147695e-07 1.443409e-09
1.720221e-05 7.109296e-08 3.149181e-09
1.279325e-05 3.229198e-08 1.404800e-09
1.514051e-05 2.326375e-08 2.951466e-09
2.237492e-05 2.019736e-08 9.212445e-09
2.314166e-05 6.162236e-08 9.655420e-09
1.859702e-05 2.434282e-08 5.732110e-09
1.774611e-05 2.922988e-08 4.637286e-09
2.304913e-05 2.054285e-08 9.660651e-09
1.978964e-05 6.511952e-09 4.207757e-09
1.801290e-05 3.315845e-09 2.333160e-09
1.176010e-05 6.568911e-09 1.268628e-09
8.315042e-06 5.590457e-09 4.890135e-10
1.118557e-05 1.145366e-08 1.229215e-09
8.474127e-06 9.292272e-09 6.253468e-10
7.753187e-06 1.139938e-08 6.357049e-10
7.358928e-06 8.965755e-09 5.519905e-10
6.251882e-06 3.607160e-09 4.141617e-10
4.868242e-06 6.185818e-09 2.620706e-10
4.714066e-06 2.066619e-09 2.070365e-10
2.755071e-06 1.359702e-09 6.756903e-11
2.701306e-06 2.064380e-09 9.021808e-11
1.586233e-06 1.601314e-09 2.935656e-11
1.362783e-06 1.652857e-09 2.627810e-11
1.233252e-06 1.801311e-09 2.200217e-11
1.038377e-06 1.229026e-09 1.525204e-11
1.003736e-06 1.400531e-09 1.452264e-11
1.333617e-06 1.379770e-09 2.328383e-11
1.616883e-06 1.691639e-09 3.651194e-11
1.155763e-06 1.285525e-09 1.881533e-11
1.342785e-06 1.239348e-09 2.630421e-11
2.183505e-06 1.006105e-09 6.681073e-11
2.265593e-06 1.386281e-09 8.698218e-11
1.886400e-06 3.390817e-09 7.984369e-11
1.970905e-06 8.702871e-09 9.065933e-11
1.902568e-06 4.673190e-09 9.536398e-11
1.533756e-06 3.077899e-09 6.129522e-11
1.153512e-06 9.374166e-09 4.086873e-11
1.260008e-06 1.130923e-08 5.405397e-11
1.368826e-06 6.893001e-09 5.789144e-11
1.660786e-06 1.988844e-08 9.127678e-11
1.184911e-06 2.682976e-08 4.168110e-11
1.653483e-06 5.696340e-08 8.156251e-11
2.459340e-06 5.902636e-08 1.613855e-10
1.752568e-06 2.771967e-08 9.478052e-11
1.298136e-06 2.087956e-08 5.125488e-11
1.491386e-06 1.361651e-08 5.985702e-11
2.193433e-06 5.626546e-09 1.130499e-10
2.135005e-06 3.033031e-09 9.968158e-11
3.888584e-06 1.061718e-09 2.333571e-10
4.504684e-06 1.458605e-09 3.736987e-10
2.718913e-06 4.368493e-09 1.485942e-10
2.181050e-06 2.142174e-09 9.013100e-11
1.864437e-06 2.212888e-09 5.689896e-11
1.215848e-06 2.344590e-09 2.653468e-11
1.089724e-06 6.042856e-09 2.708847e-11
1.215203e-06 1.905357e-08 2.342997e-11
1.483959e-06 3.420565e-08 4.670813e-11
1.116874e-06 1.047012e-07 2.056674e-11
1.224835e-06 1.089019e-07 2.808776e-11
1.362694e-06 2.415861e-07 1.962248e-11
1.411467e-06 1.309946e-07 3.246060e-11
1.453543e-06 2.847618e-07 1.742875e-11
3.777740e-06 4.678267e-07 4.823198e-11
1.946649e-06 1.800713e-07 4.587332e-11
1.986855e-06 7.421096e-08 6.917184e-11
1.386656e-06 2.482561e-08 4.065715e-11
1.870283e-06 1.983684e-08 6.725627e-11
1.213766e-06 2.306757e-08 2.746521e-11
1.593983e-06 6.195314e-08 4.083075e-11
3.281402e-06 1.393311e-07 1.274941e-10
4.684014e-06 1.194413e-07 3.379652e-10
4.830240e-06 8.767852e-08 2.561677e-10
2.875622e-06 4.919827e-08 1.377488e-10
2.652187e-06 5.426887e-08 1.061785e-10
1.431685e-06 2.764922e-08 3.596932e-11
2.110248e-06 1.497614e-08 7.949539e-11
3.746437e-06 7.901767e-09 2.229887e-10
5.621966e-06 1.284642e-08 5.230992e-10
3.718588e-06 1.914007e-08 2.139719e-10
2.420809e-06 6.385183e-09 7.852925e-11
2.995825e-06 1.702408e-08 1.253345e-10
2.666496e-06 3.646334e-08 1.043581e-10
3.289985e-06 4.321259e-08 1.546180e-10
1.833922e-06 1.684057e-08 4.919393e-11
1.494157e-06 1.668491e-08 2.621001e-11
1.790978e-06 2.605905e-08 6.253599e-11
2.074663e-06 9.195704e-09 7.665183e-11
2.603306e-06 1.788499e-08 1.308211e-10
2.806621e-06 1.445645e-08 1.382233e-10
2.206369e-06 2.858902e-08 8.884244e-11
2.937416e-06 4.381989e-08 1.778248e-10
3.629506e-06 5.452337e-08 2.798267e-10
5.394548e-06 1.553463e-07 3.818825e-10
4.471644e-06 3.362539e-07 1.291460e-10
6.282304e-06 3.367593e-07 2.076587e-10
4.513620e-06 2.613785e-07 1.565766e-10
1.086945e-05 7.794510e-07 4.958481e-11
5.931912e-06 6.987491e-07 3.318759e-11
3.708310e-06 5.814715e-07 2.508162e-11
1.148850e-05 8.584524e-07 3.211503e-11
6.984792e-06 7.655614e-07 3.513856e-11
2.190048e-05 9.161418e-07 4.465817e-11
3.693194e-05 8.629164e-07 1.094791e-10
1.663967e-05 7.368624e-07 2.161714e-10
8.300388e-06 4.429814e-07 2.848753e-10
4.970374e-06 1.404397e-07 4.215143e-10
5.251277e-06 1.196619e-07 5.331418e-10
1.090637e-05 2.514640e-07 1.373560e-09
8.150582e-06 1.747442e-07 9.350786e-10
1.127242e-05 5.359816e-07 3.030258e-10
4.578909e-06 2.339344e-07 2.473242e-10
4.742608e-06 1.813420e-07 3.130290e-10
5.027079e-06 8.968931e-08 6.240200e-10
4.983696e-06 4.985612e-08 7.689059e-10
7.245677e-06 9.847146e-08 1.273921e-09
1.023098e-05 1.708653e-07 1.791948e-09
2.148577e-05 4.964407e-07 1.469819e-09
1.375267e-05 3.071957e-07 1.720354e-09
1.300107e-05 4.447756e-07 7.400554e-10
1.543872e-05 4.978329e-07 7.518894e-10
7.971185e-06 2.693273e-07 6.260458e-10
1.015505e-05 2.412712e-07 1.065209e-09
8.153023e-06 1.528900e-07 1.149278e-09
4.636184e-06 6.472129e-08 4.421648e-10
5.533513e-06 2.094977e-08 8.280768e-10
7.837653e-06 7.592498e-09 1.613981e-09
6.395900e-06 9.552304e-09 1.052633e-09
4.726430e-06 4.984627e-09 4.962718e-10
5.453014e-06 1.145014e-08 9.117512e-10
7.335839e-06 7.624786e-09 1.823520e-09
7.946674e-06 5.019465e-09 1.384189e-09
9.281805e-06 1.726093e-09 1.681149e-09
1.167792e-05 4.632258e-09 5.215047e-09
8.489333e-06 3.722449e-09 1.674850e-09
1.256500e-05 4.997990e-09 5.241663e-09
1.074903e-05 6.001649e-09 4.149134e-09
1.071354e-05 1.104364e-08 4.202124e-09
6.650351e-06 1.995795e-08 1.440945e-09
5.920462e-06 3.641707e-08 1.099516e-09
5.905946e-06 2.857500e-08 1.135284e-09
4.330449e-06 4.585560e-08 5.987194e-10
4.924848e-06 5.345928e-08 4.990197e-10
2.517156e-06 1.824128e-08 1.969726e-10
2.747828e-06 8.642223e-09 2.214916e-10
2.027966e-06 6.917166e-09 1.185678e-10
1.381003e-06 1.369507e-08 5.901746e-11
1.315687e-06 2.370268e-08 5.352426e-11
1.208759e-06 4.592307e-08 4.533196e-11
1.144052e-06 2.545929e-08 4.012127e-11
1.523369e-06 5.125064e-08 6.551472e-11
2.040926e-06 1.548438e-07 7.354579e-11
3.184076e-06 1.616172e-07 1.803290e-10
5.104559e-06 3.083012e-07 2.834093e-10
2.773853e-06 1.011280e-07 1.310516e-10
1.543034e-06 1.800849e-07 4.299535e-11
1.702289e-06 1.201943e-07 6.185543e-11
2.010828e-06 1.392107e-07 8.547404e-11
2.330634e-06 1.537171e-07 1.064733e-10
2.085450e-06 1.209396e-07 9.274618e-11
3.042523e-06 4.704228e-08 2.822503e-10
3.272262e-06 1.870661e-08 3.293740e-10
3.470382e-06 2.105420e-08 3.048300e-10
3.690392e-06 8.560019e-09 4.305835e-10
2.157744e-06 1.070809e-08 1.768321e-10
2.351372e-06 4.656519e-09 1.304758e-10
1.919114e-06 3.185244e-09 9.016055e-11
2.737067e-06 4.409179e-09 1.735327e-10
3.391846e-06 1.985624e-09 2.194243e-10
4.831507e-06 1.088380e-09 3.328873e-10
3.265475e-06 2.506892e-09 1.928486e-10
4.277331e-06 3.772038e-09 3.479168e-10
5.037259e-06 5.727244e-09 5.327789e-10
6.978916e-06 5.198313e-09 9.806654e-10
6.949289e-06 4.856743e-09 1.130202e-09
3.931943e-06 9.329095e-09 3.685978e-10
5.711719e-06 1.742350e-08 6.761772e-10
7.786586e-06 1.632154e-08 1.591906e-09
6.343881e-06 1.037799e-08 8.816392e-10
6.860748e-06 8.272271e-09 1.159491e-09
7.895984e-06 2.902077e-09 1.213570e-09
1.023640e-05 3.104493e-09 2.724354e-09
1.429567e-05 2.402311e-09 5.373993e-09
1.218427e-05 4.339276e-09 7.011456e-09
9.645300e-06 2.356523e-09 2.223453e-09
5.505725e-06 3.303334e-09 7.439254e-10
7.418201e-06 2.366789e-09 1.230100e-09
5.733603e-06 2.272506e-09 5.650470e-10
6.875140e-06 4.910111e-09 1.232681e-09
7.711268e-06 2.324866e-09 1.033598e-09
4.310219e-06 5.480763e-09 3.767651e-10
2.655318e-06 3.854103e-09 1.229545e-10
2.516969e-06 1.585997e-09 9.419898e-11
1.635723e-06 4.380977e-09 5.114518e-11
2.514335e-06 4.203178e-09 1.177196e-10
2.511134e-06 1.341616e-09 9.059055e-11
1.951114e-06 1.412411e-09 5.215262e-11
1.050164e-06 2.214546e-09 1.871988e-11
1.192469e-06 2.441305e-09 3.077155e-11
1.408292e-06 1.766684e-09 4.151057e-11
1.504996e-06 3.684349e-09 5.082888e-11
1.396924e-06 1.037799e-08 6.037577e-11
2.425917e-06 1.199627e-08 1.593806e-10
3.246155e-06 2.552346e-08 2.706192e-10
3.389813e-06 1.073457e-08 3.057605e-10
3.649980e-06 3.367020e-08 2.889522e-10
2.407981e-06 6.448394e-08 1.188565e-10
2.698909e-06 2.564183e-08 1.777529e-10
4.620157e-06 3.409379e-08 5.523527e-10
5.932592e-06 1.453812e-08 7.736070e-10
5.679125e-06 1.007730e-08 7.040947e-10
4.705168e-06 5.509702e-09 5.217957e-10
7.122105e-06 3.128091e-09 9.383107e-10
5.606600e-06 2.188891e-09 4.984471e-10
6.934241e-06 1.490438e-09 6.391211e-10
9.100055e-06 2.604739e-09 1.466578e-09
8.179049e-06 4.506141e-09 1.462678e-09
1.316311e-05 1.680120e-09 2.625275e-09
9.009301e-06 1.027961e-09 8.520006e-10
7.350578e-06 1.311416e-09 5.786218e-10
5.039324e-06 1.661254e-09 3.382819e-10
6.383173e-06 2.623050e-09 6.032327e-10
4.872656e-06 3.265151e-09 4.190062e-10
4.225847e-06 5.075946e-09 3.628171e-10
3.375156e-06 3.925260e-09 2.300861e-10
4.358398e-06 1.700260e-09 3.315939e-10
4.311620e-06 4.190276e-09 3.855945e-10
3.232081e-06 4.715271e-09 2.284659e-10
2.489848e-06 1.165357e-08 1.293746e-10
3.186801e-06 9.348964e-09 2.369163e-10
2.922633e-06 2.956594e-09 1.318263e-10
4.411720e-06 2.019917e-09 2.643869e-10
3.185191e-06 4.050161e-09 1.552588e-10
2.607739e-06 1.285766e-09 7.744003e-11
3.602083e-06 1.778068e-09 1.492144e-10
3.973764e-06 5.137900e-09 2.140336e-10
1.963080e-06 8.119011e-09 6.968578e-11
3.136934e-06 2.431688e-08 2.035959e-10
2.140249e-06 8.972274e-09 9.276158e-11
2.433677e-06 5.315676e-09 1.283279e-10
3.459287e-06 1.336026e-08 3.057853e-10
2.290102e-06 1.511312e-08 1.338990e-10
2.097471e-06 1.016975e-08 1.048634e-10
1.713938e-06 1.954744e-08 7.217587e-11
1.422720e-06 7.752123e-09 4.743905e-11
1.005455e-06 3.416107e-09 2.003103e-11
1.488748e-06 2.732909e-09 4.230938e-11
1.607079e-06 4.097347e-09 4.931681e-11
2.592883e-06 8.014276e-09 1.548171e-10
2.921331e-06 2.497828e-08 1.973017e-10
1.642515e-06 7.019003e-08 6.492308e-11
1.184558e-06 4.074184e-08 3.733263e-11
1.962435e-06 4.807154e-08 1.179177e-10
2.179305e-06 2.047748e-08 1.260224e-10
2.044509e-06 1.415931e-08 1.134750e-10
2.783425e-06 1.406579e-08 2.232146e-10
2.430442e-06 1.205601e-08 1.890887e-10
3.854263e-06 4.952531e-09 3.497828e-10
5.374175e-06 9.528155e-09 7.091921e-10
8.283815e-06 1.880158e-08 2.117264e-09
5.961167e-06 2.073084e-08 9.650640e-10
7.637787e-06 6.876721e-09 1.563011e-09
8.112295e-06 7.985908e-09 2.700269e-09
1.218493e-05 1.322574e-08 7.872531e-09
1.081285e-05 4.112709e-08 8.348526e-09
1.065197e-05 2.429773e-08 6.176163e-09
1.055681e-05 1.956017e-08 5.299195e-09
8.190884e-06 2.797403e-08 2.645007e-09
6.916049e-06 1.251512e-08 1.349120e-09
1.081908e-05 1.473740e-08 3.757389e-09
9.493859e-06 2.415531e-08 2.704018e-09
1.032902e-05 2.638064e-08 3.366228e-09
1.657175e-05 9.605145e-09 9.900380e-09
1.613622e-05 3.039478e-09 4.738236e-09
1.716442e-05 1.210879e-09 3.143286e-09
1.631085e-05 2.044977e-09 3.565152e-09
1.764952e-05 2.877114e-09 7.403807e-09
1.547885e-05 4.962406e-09 6.698698e-09
1.452691e-05 4.449964e-09 5.294251e-09
1.281506e-05 5.007921e-09 4.905568e-09
1.578831e-05 3.816835e-09 8.405411e-09
1.729958e-05 4.903664e-09 9.503849e-09
1.385370e-05 5.779412e-09 5.912573e-09
1.724624e-05 2.545080e-09 7.881735e-09
1.409386e-05 4.714963e-09 6.412116e-09
1.416879e-05 1.170262e-08 8.412391e-09
1.139995e-05 1.894286e-08 3.130927e-09
8.746060e-06 2.375234e-08 1.623865e-09
1.102397e-05 1.799014e-08 3.958246e-09
8.479313e-06 3.375095e-08 1.917877e-09
1.178428e-05 8.531345e-08 3.438557e-09
1.405019e-05 1.969788e-07 3.304265e-09
1.177745e-05 1.161174e-07 3.661655e-09
1.085390e-05 6.569326e-08 6.188632e-09
9.481543e-06 4.481924e-08 3.195385e-09
1.410991e-05 1.004544e-07 9.865143e-09
1.971171e-05 2.429783e-07 7.572679e-09
3.340424e-05 4.682006e-07 6.652882e-09
2.840959e-05 4.936365e-07 3.827248e-09
5.548364e-05 6.257046e-07 7.012299e-09
5.539704e-05 6.510293e-07 5.792211e-09
8.169533e-05 7.151852e-07 5.026256e-09
5.682656e-05 6.650705e-07 3.599681e-09
2.284599e-05 3.318990e-07 5.342868e-09
1.772056e-05 3.874536e-07 1.952449e-09
1.618732e-05 4.517171e-07 1.171080e-09
5.339368e-06 2.293413e-07 3.794017e-10
9.820125e-06 3.417956e-07 6.363949e-10
6.758631e-06 1.814399e-07 6.592889e-10
3.413424e-06 7.544259e-08 2.373402e-10
5.828899e-06 4.400648e-08 7.346877e-10
4.306589e-06 5.112963e-08 3.410532e-10
2.976640e-06 3.382311e-08 1.721853e-10
1.983202e-06 1.263896e-08 6.351560e-11
1.223840e-06 2.759269e-08 2.639157e-11
1.638182e-06 1.005260e-08 4.350522e-11
1.186563e-06 8.925895e-09 2.036401e-11
1.450457e-06 6.195946e-09 3.318078e-11
2.223773e-06 1.725212e-08 8.746361e-11
2.715981e-06 5.713048e-09 1.054502e-10
2.526919e-06 2.256220e-09 7.868558e-11
5.347407e-06 1.012006e-09 2.044398e-10
5.316336e-06 1.424758e-09 2.333373e-10
5.772601e-06 2.569475e-09 3.457521e-10
5.723014e-06 3.943103e-09 3.744894e-10
3.650602e-06 4.859675e-09 1.522935e-10
5.155229e-06 4.100805e-09 3.130250e-10
6.288980e-06 4.352402e-09 4.135882e-10
9.125301e-06 1.491859e-09 6.220877e-10
1.254753e-05 2.297838e-09 1.245466e-09
1.058952e-05 2.777369e-09 7.423503e-10
8.252170e-06 6.137562e-09 8.399606e-10
5.614010e-06 2.429815e-09 2.710271e-10
5.650428e-06 3.912833e-09 3.355766e-10
7.345126e-06 9.170331e-09 6.539700e-10
4.580714e-06 1.683886e-08 2.639166e-10
6.677859e-06 1.228702e-08 6.764641e-10
1.255297e-05 6.735359e-09 2.102742e-09
1.059021e-05 2.918310e-09 1.033651e-09
1.643313e-05 4.339349e-09 3.050096e-09
1.957024e-05 5.789741e-09 4.423348e-09
1.593527e-05 1.071547e-08 3.742303e-09
2.399389e-05 5.069107e-09 9.241702e-09
2.242381e-05 3.428970e-09 3.362056e-09
1.129343e-05 4.967175e-09 1.123131e-09
9.443754e-06 1.094443e-08 1.128537e-09
1.305245e-05 1.525150e-08 2.630541e-09
1.243264e-05 2.332999e-08 2.364645e-09
1.074364e-05 4.966912e-08 1.688241e-09
1.521852e-05 5.754061e-08 4.426910e-09
1.459085e-05 3.401386e-08 4.379598e-09
1.199980e-05 3.488712e-08 2.680601e-09
1.207323e-05 4.716194e-08 2.729953e-09
8.970974e-06 1.514151e-08 1.108067e-09
5.736413e-06 1.005252e-08 4.012457e-10
5.353362e-06 1.266073e-08 3.216129e-10
7.927958e-06 2.623556e-08 8.147799e-10
8.381252e-06 3.593956e-08 6.700443e-10
1.062339e-05 5.052267e-08 1.787719e-09
8.971986e-06 3.169673e-08 1.232771e-09
8.812088e-06 4.076174e-08 1.257403e-09
1.258327e-05 3.347298e-08 3.141236e-09
1.174521e-05 3.884642e-08 2.669288e-09
1.552565e-05 4.505579e-08 6.660691e-09
1.761863e-05 1.009385e-07 6.884731e-09
2.190054e-05 1.410174e-07 9.707225e-09
3.138492e-05 3.849732e-07 4.271593e-09
1.969595e-05 1.222213e-07 9.862322e-09
1.770574e-05 1.509242e-07 6.305265e-09
3.090206e-05 4.285983e-07 2.939098e-09
1.224818e-05 1.365294e-07 1.463253e-09
1.594948e-05 4.036663e-07 5.812053e-10
1.239098e-05 5.211528e-07 1.894795e-10
1.237243e-05 4.946223e-07 2.750122e-10
5.832414e-06 3.274855e-07 1.161193e-10
5.490066e-06 1.737463e-07 2.029180e-10
1.145078e-05 5.491859e-07 1.047746e-10
5.219158e-06 3.640021e-07 8.317548e-11
2.996245e-06 2.523727e-07 4.393734e-11
6.708170e-06 5.095219e-07 5.060277e-11
5.036745e-06 1.810084e-07 1.493090e-10
3.566975e-06 1.240606e-07 9.679348e-11
6.768238e-06 1.557921e-07 2.988825e-10
1.176435e-05 4.905299e-07 1.220398e-10
5.530858e-06 2.331568e-07 1.237906e-10
7.360407e-06 2.236179e-07 2.097988e-10
5.781044e-06 2.026199e-07 1.875168e-10
1.356430e-05 4.690062e-07 1.971907e-10
1.128472e-05 3.584054e-07 2.781413e-10
1.933622e-05 5.856690e-07 1.238033e-10
4.034727e-05 5.874754e-07 2.247891e-10
7.168626e-05 6.084224e-07 4.344348e-10
1.745449e-04 5.607443e-07 2.830580e-10
1.319135e-04 5.810077e-07 1.385462e-10
1.119982e-04 5.755975e-07 2.686951e-10
1.888081e-04 5.495735e-07 1.850693e-10
1.041259e-04 5.641683e-07 1.213318e-10
2.291876e-04 4.968322e-07 1.677870e-10
4.931093e-04 4.387594e-07 5.262202e-10
1.909333e-04 5.468109e-07 3.547814e-10
6.644533e-05 6.149119e-07 4.821278e-10
1.623712e-04 5.992747e-07 1.085216e-09
2.097028e-04 6.041335e-07 5.587916e-10
1.917708e-04 6.261214e-07 4.242668e-10
1.637233e-04 6.451006e-07 2.824705e-10
2.421119e-04 6.318747e-07 8.671672e-10
7.810402e-05 6.817842e-07 3.778088e-10
5.604545e-05 6.409258e-07 1.045871e-09
8.972824e-05 6.313923e-07 1.813221e-09
1.823314e-04 6.542492e-07 1.147361e-09
2.829282e-04 6.210759e-07 6.967969e-10
2.631048e-04 5.953259e-07 4.211948e-10
1.408851e-04 6.785123e-07 1.006976e-09
8.177740e-05 6.654827e-07 2.372147e-09
1.763850e-04 7.506178e-07 4.048437e-09
1.036555e-04 7.118619e-07 3.827324e-09
3.537751e-05 5.745353e-07 1.864477e-09
1.077926e-04 7.723434e-07 1.677354e-09
1.016560e-04 7.750007e-07 1.174091e-09
1.646418e-04 7.453913e-07 6.890693e-10
2.194198e-04 7.231514e-07 7.972408e-10
1.610486e-04 7.422426e-07 2.442991e-09
2.198715e-04 7.839946e-07 7.521077e-09
2.683506e-04 7.951437e-07 9.989231e-09
8.524273e-05 7.104178e-07 5.345425e-09
2.517089e-04 7.435398e-07 2.908254e-09
2.633507e-04 8.048477e-07 5.262973e-09
1.440391e-04 7.858090e-07 3.436565e-09
2.325152e-04 8.316040e-07 9.901829e-09
1.046197e-04 7.815716e-07 4.853662e-09
3.074127e-04 7.802773e-07 3.170214e-09
2.646588e-04 8.215311e-07 4.701077e-09
1.659712e-04 8.181744e-07 5.044614e-09
1.637107e-04 7.930467e-07 4.184324e-09
2.649931e-04 7.835473e-07 4.559977e-09
1.674179e-04 7.856581e-07 7.129172e-09
8.791411e-05 7.210220e-07 3.745421e-09
1.473741e-04 7.531513e-07 6.242543e-09
9.517166e-05 7.365484e-07 1.997174e-09
1.398251e-04 7.501583e-07 8.756055e-10
2.534255e-04 7.386017e-07 1.325349e-09
1.563507e-04 7.488130e-07 4.200914e-10
2.016763e-04 6.878686e-07 1.974622e-10
1.298272e-04 7.517857e-07 8.453417e-11
1.017231e-04 7.637153e-07 1.868233e-10
1.006439e-04 7.782258e-07 2.478366e-10
3.070936e-04 6.586120e-07 1.335275e-10
2.020207e-04 6.980366e-07 1.226734e-10
9.794892e-05 7.324335e-07 1.182521e-10
1.830936e-04 6.901437e-07 8.087345e-11
3.305415e-04 6.545604e-07 2.368926e-10
2.547235e-04 6.722377e-07 1.322446e-10
3.260648e-04 6.479566e-07 5.599331e-11
2.108857e-04 6.993375e-07 6.552140e-11
2.363465e-04 6.982906e-07 1.293628e-10
1.175670e-04 7.625995e-07 4.082561e-10
1.236475e-04 7.777852e-07 7.435591e-10
2.248297e-04 7.349872e-07 3.881155e-10
1.141417e-04 7.817632e-07 1.006183e-09
1.865041e-04 7.794681e-07 2.101683e-09
1.913338e-04 7.772585e-07 2.845364e-09
3.887896e-04 8.174546e-07 8.500323e-09
3.047257e-04 7.654146e-07 4.044221e-09
1.582751e-04 7.836573e-07 4.184894e-09
3.036045e-04 8.004114e-07 6.582920e-09
4.973147e-04 7.366019e-07 5.181104e-09
2.547070e-04 7.060012e-07 2.308341e-09
1.579216e-04 7.363199e-07 4.531573e-09
4.743751e-04 7.459821e-07 9.941001e-09
2.744682e-04 7.748430e-07 7.376090e-09
4.963736e-04 7.360755e-07 4.590061e-09
3.049385e-04 7.639576e-07 4.808705e-09
1.237502e-04 7.638086e-07 5.170534e-09
3.070643e-04 7.239466e-07 1.939359e-09
1.869499e-04 8.097320e-07 6.065900e-09
9.949685e-05 7.235262e-07 7.188692e-09
1.077262e-04 7.418600e-07 4.573029e-09
6.128306e-05 7.062920e-07 2.045569e-09
4.441919e-05 6.870649e-07 1.216776e-09
3.150927e-05 5.936060e-07 1.344233e-09
4.043970e-05 6.266285e-07 2.172607e-09
3.306449e-05 6.902267e-07 8.721149e-10
1.297547e-05 2.186931e-07 2.164652e-09
1.656820e-05 2.176245e-07 4.891915e-09
1.320917e-05 1.070810e-07 6.285256e-09
7.811017e-06 3.784214e-08 2.486717e-09
1.269180e-05 1.787714e-08 7.665593e-09
1.123639e-05 1.231425e-08 5.795780e-09
1.245687e-05 4.492734e-09 5.338773e-09
1.099443e-05 4.748536e-09 3.542238e-09
1.377717e-05 5.676525e-09 9.688693e-09
1.361121e-05 2.299629e-09 4.431967e-09
1.519644e-05 1.273715e-09 4.269426e-09
1.282014e-05 1.012693e-09 2.132695e-09
1.390940e-05 2.684188e-09 6.010895e-09
1.285468e-05 6.862402e-09 8.294949e-09
1.104308e-05 3.265463e-09 3.372296e-09
1.273727e-05 3.056538e-09 5.917071e-09
1.458476e-05 1.049430e-09 4.728359e-09
1.323933e-05 1.432797e-09 3.720341e-09
1.047421e-05 1.887562e-09 2.274858e-09
9.792889e-06 4.551041e-09 2.259905e-09
1.146256e-05 5.739432e-09 5.517012e-09
1.586334e-05 2.168432e-09 8.012918e-09
1.254105e-05 4.706257e-09 5.641896e-09
1.181356e-05 6.200739e-09 5.362320e-09
1.095346e-05 1.799416e-08 6.761434e-09
1.277775e-05 2.037178e-08 8.304439e-09
1.233940e-05 6.598663e-09 4.475684e-09
1.376894e-05 4.686741e-09 4.878171e-09
1.040539e-05 8.724236e-09 2.782422e-09
8.965335e-06 4.387838e-09 1.331488e-09
1.439942e-05 2.767992e-09 3.569920e-09
1.571757e-05 5.822036e-09 8.512312e-09
1.497625e-05 4.114532e-09 4.837401e-09
1.126778e-05 6.247123e-09 2.364010e-09
7.259927e-06 1.064285e-08 8.812467e-10
1.042844e-05 2.142836e-08 2.241640e-09
1.131459e-05 1.931340e-08 2.785101e-09
8.458845e-06 2.179184e-08 1.259916e-09
9.644517e-06 1.420620e-08 1.550962e-09
1.271362e-05 1.601714e-08 4.105847e-09
1.279201e-05 4.951654e-08 5.326926e-09
1.063873e-05 5.303327e-08 2.712154e-09
7.704799e-06 9.148566e-08 8.912107e-10
5.748225e-06 1.378268e-07 3.557874e-10
5.701442e-06 2.432860e-07 2.502611e-10
6.040115e-06 1.840071e-07 3.894875e-10
1.234497e-05 4.346393e-07 5.074461e-10
6.994247e-06 3.747949e-07 2.469569e-10
7.916181e-06 3.873214e-07 1.994875e-10
5.043430e-06 3.190479e-07 1.326509e-10
8.282869e-06 6.086158e-07 9.180406e-11
2.350194e-05 6.907250e-07 2.198542e-10
9.417766e-06 3.335701e-07 3.918248e-10
8.213179e-06 4.477455e-07 1.673798e-10
6.707083e-06 6.271432e-07 5.398357e-11
7.594132e-06 7.796368e-07 2.482046e-11
1.976054e-05 7.828104e-07 4.984394e-11
3.032404e-05 8.462240e-07 3.395818e-11
2.008815e-05 8.412899e-07 4.808036e-11
2.415811e-05 8.225501e-07 6.494088e-11
1.135566e-05 7.835685e-07 4.957528e-11
6.056679e-06 3.591353e-07 1.340019e-10
4.157827e-06 3.229380e-07 1.032685e-10
2.193290e-06 2.876153e-07 3.304784e-11
2.966414e-06 1.666681e-07 9.891641e-11
2.542992e-06 1.099785e-07 8.326042e-11
1.856853e-06 6.305311e-08 5.129516e-11
2.412895e-06 5.964832e-08 6.267261e-11
1.908391e-06 2.200727e-08 4.811453e-11
2.695921e-06 5.193897e-08 1.021535e-10
1.813737e-06 3.546485e-08 4.638006e-11
2.629193e-06 4.853960e-08 1.008623e-10
2.646533e-06 3.538330e-08 1.049715e-10
1.534774e-06 9.218525e-08 3.390907e-11
1.103517e-06 1.537588e-07 1.307419e-11
1.458126e-06 5.017388e-08 3.163214e-11
1.275226e-06 4.051565e-08 2.570663e-11
1.395726e-06 9.860417e-08 2.396809e-11
1.393612e-06 1.491442e-07 2.063331e-11
1.799974e-06 1.549937e-07 4.172570e-11
1.879640e-06 1.110588e-07 4.427111e-11
2.146748e-06 1.074075e-07 5.963845e-11
1.957399e-06 1.242677e-07 4.296550e-11
1.404974e-06 1.845286e-07 1.947631e-11
1.006425e-06 5.960106e-08 1.817949e-11
1.564340e-06 7.707393e-08 3.899766e-11
1.272535e-06 1.466789e-07 2.284507e-11
1.120304e-06 1.305434e-07 2.065844e-11
2.350013e-06 2.240140e-07 5.840550e-11
3.235521e-06 4.408793e-07 2.739323e-11
3.800425e-06 5.410008e-07 3.542357e-11
2.717884e-06 2.995665e-07 4.773490e-11
5.973956e-06 5.487948e-07 7.866877e-11
1.783303e-05 9.027147e-07 5.402258e-11
8.346154e-06 5.481318e-07 1.390716e-10
5.018569e-06 2.286832e-07 1.932280e-10
4.076287e-06 2.034020e-07 1.859496e-10
4.604093e-06 1.575784e-07 3.257052e-10
9.626444e-06 3.151531e-07 9.723220e-10
1.151628e-05 1.780642e-07 2.990545e-09
1.247627e-05 2.425615e-07 2.570780e-09
1.113972e-05 1.304483e-07 3.824659e-09
1.133525e-05 5.485428e-08 7.400672e-09
1.324887e-05 1.081753e-07 6.051896e-09
1.092708e-05 4.673925e-08 4.332670e-09
1.229461e-05 4.926810e-08 6.278538e-09
1.193810e-05 1.595827e-08 5.667911e-09
1.004830e-05 1.258498e-08 3.496046e-09
1.464729e-05 5.176056e-09 7.464809e-09
1.508465e-05 2.365963e-09 5.997398e-09
1.158222e-05 3.045670e-09 2.854171e-09
9.039849e-06 1.352598e-09 1.165482e-09
6.980943e-06 2.380425e-09 7.848133e-10
6.851380e-06 5.395153e-09 9.657741e-10
4.392786e-06 4.742364e-09 3.968026e-10
3.941643e-06 2.743417e-09 2.248421e-10
4.586936e-06 2.957823e-09 2.288145e-10
4.103624e-06 6.648539e-09 2.579140e-10
5.796681e-06 6.103891e-09 5.025350e-10
4.511115e-06 3.317167e-09 2.244778e-10
3.307660e-06 1.520945e-09 9.706831e-11
2.331890e-06 2.258754e-09 4.717174e-11
1.218414e-06 2.027987e-09 1.586561e-11
1.016212e-06 3.775746e-09 1.183512e-11
1.217020e-06 1.134018e-08 2.002176e-11
1.014571e-06 1.412898e-08 1.506508e-11
1.520053e-06 1.302253e-08 3.299088e-11
2.442645e-06 9.057225e-09 6.969326e-11
2.839066e-06 2.946479e-09 8.477342e-11
2.208366e-06 8.913751e-09 5.864020e-11
2.168811e-06 6.181529e-09 5.336186e-11
3.257262e-06 3.882861e-09 9.643729e-11
2.643978e-06 2.608714e-09 5.750522e-11
2.357823e-06 3.536568e-09 4.991539e-11
2.190667e-06 2.166291e-09 4.201345e-11
2.177072e-06 5.148354e-09 4.146784e-11
1.693734e-06 4.087526e-09 2.947204e-11
2.856366e-06 1.863998e-09 7.380498e-11
2.310798e-06 3.578346e-09 5.128867e-11
3.296963e-06 4.870278e-09 1.090026e-10
1.820058e-06 4.304473e-09 4.223825e-11
1.613816e-06 1.631955e-09 2.712466e-11
2.116540e-06 1.594840e-09 4.354090e-11
1.779410e-06 3.808406e-09 3.868545e-11
2.225686e-06 6.188046e-09 6.447513e-11
1.955058e-06 1.030791e-08 5.944081e-11
1.399347e-06 3.966960e-09 2.917049e-11
1.664379e-06 1.610657e-09 3.334552e-11
1.286991e-06 3.606402e-09 2.454939e-11
2.255039e-06 5.438253e-09 7.605668e-11
2.516200e-06 1.391355e-08 1.208835e-10
2.239282e-06 8.917592e-09 9.560328e-11
2.419619e-06 2.824802e-09 8.834752e-11
2.155219e-06 4.061194e-09 8.821001e-11
1.796923e-06 3.921807e-09 5.323340e-11
2.417374e-06 5.903432e-09 1.019031e-10
3.999570e-06 1.387768e-08 3.204357e-10
3.272427e-06 1.442116e-08 2.223843e-10
2.464282e-06 2.467272e-08 1.151428e-10
4.432678e-06 5.751729e-08 3.247378e-10
3.642424e-06 5.052392e-08 2.157044e-10
4.428080e-06 1.381264e-07 2.318052e-10
5.527680e-06 2.576839e-07 2.233293e-10
5.787365e-06 2.028969e-07 3.131242e-10
8.792628e-06 3.745327e-07 3.229589e-10
1.237619e-05 5.509427e-07 2.289156e-10
2.124167e-05 7.483760e-07 1.455043e-10
1.171716e-05 7.171329e-07 9.482649e-11
6.602011e-06 4.187822e-07 1.510454e-10
3.641703e-06 1.800177e-07 1.285028e-10
4.670487e-06 2.663917e-07 1.522201e-10
3.196428e-06 1.195877e-07 1.422609e-10
5.688996e-06 1.424359e-07 2.960220e-10
5.555460e-06 4.013670e-07 1.011139e-10
9.115838e-06 6.731685e-07 4.883298e-11
8.217531e-06 5.939903e-07 6.426828e-11
2.570212e-05 7.964713e-07 3.795065e-11
1.029239e-05 6.046563e-07 1.128282e-10
9.105856e-06 7.076507e-07 4.812202e-11
7.679838e-06 4.653492e-07 1.487833e-10
4.785323e-06 4.402255e-07 7.446150e-11
6.183451e-06 6.714552e-07 2.819968e-11
2.562479e-06 5.529777e-07 1.502677e-11
2.667340e-06 3.045273e-07 4.478940e-11
2.271833e-06 3.209526e-07 2.918327e-11
6.968824e-06 4.953620e-07 8.999484e-11
4.812944e-06 2.977028e-07 1.069021e-10
3.112323e-06 1.355602e-07 8.875653e-11
3.627254e-06 6.338057e-08 2.025748e-10
4.501021e-06 1.974016e-07 1.698236e-10
7.986308e-06 4.335351e-07 1.476582e-10
8.318854e-06 2.925274e-07 3.342801e-10
1.177830e-05 4.599776e-07 2.817045e-10
4.262937e-06 2.210961e-07 1.278409e-10
5.375239e-06 4.777140e-07 6.796776e-11
1.825137e-06 1.559695e-07 3.823569e-11
3.966818e-06 3.280549e-07 7.318201e-11
1.693740e-06 1.277718e-07 2.934942e-11
1.334776e-06 2.128638e-07 1.420791e-11
1.916270e-06 2.135334e-07 2.483093e-11
4.433695e-06 5.899141e-07 2.062076e-11
2.721766e-06 5.331017e-07 1.207567e-11
1.806640e-06 2.473128e-07 1.755247e-11
2.194116e-06 4.082493e-07 1.253813e-11
4.706887e-06 5.431287e-07 2.666692e-11
2.873340e-06 4.443705e-07 1.751647e-11
8.500458e-06 7.010813e-07 2.430419e-11
2.689642e-06 4.432750e-07 1.699271e-11
1.534613e-06 1.954658e-07 1.825751e-11
1.066420e-06 1.582259e-07 1.024045e-11
1.018541e-06 5.141223e-08 1.373669e-11
1.382532e-06 5.974800e-08 2.388520e-11
2.825024e-06 1.327451e-07 7.343496e-11
3.489657e-06 4.613449e-08 1.461175e-10
3.052037e-06 1.509537e-08 1.126373e-10
4.412384e-06 3.015039e-08 2.487092e-10
2.402255e-06 3.672638e-08 7.895687e-11
3.306359e-06 4.381256e-08 1.515021e-10
2.958520e-06 1.419600e-08 1.267366e-10
4.327910e-06 1.318408e-08 2.680063e-10
6.205585e-06 3.173448e-08 5.122447e-10
4.113176e-06 4.981267e-08 2.598103e-10
3.435857e-06 5.650425e-08 1.723390e-10
6.515154e-06 1.772506e-07 3.827500e-10
2.042359e-05 5.201062e-07 5.587790e-10
4.622525e-05 7.042737e-07 2.680862e-10
6.160695e-05 7.420869e-07 2.879886e-10
2.631583e-05 6.323046e-07 4.751081e-10
1.269555e-05 5.776719e-07 1.793013e-10
6.837050e-06 4.617236e-07 1.101636e-10
8.521643e-06 3.949697e-07 2.461722e-10
1.009030e-05 5.063689e-07 2.205038e-10
8.347373e-06 4.424498e-07 1.898302e-10
4.914518e-06 3.661143e-07 1.047068e-10
4.688581e-06 3.283386e-07 1.183666e-10
6.959543e-06 5.220954e-07 1.089505e-10
3.098420e-06 2.164007e-07 9.831712e-11
3.591510e-06 1.683517e-07 1.518090e-10
2.210894e-06 1.106860e-07 6.242413e-11
1.775434e-06 2.582011e-07 2.511997e-11
1.986090e-06 8.492165e-08 4.934441e-11
2.557005e-06 4.487419e-08 9.572020e-11
2.317762e-06 1.153261e-07 5.830568e-11
1.966441e-06 1.134286e-07 5.073141e-11
2.128834e-06 1.230274e-07 5.860464e-11
1.483157e-06 1.015089e-07 3.279702e-11
3.447567e-06 2.255116e-07 8.220302e-11
3.654422e-06 1.573512e-07 1.329584e-10
2.837288e-06 1.416701e-07 9.244614e-11
1.761440e-06 9.696257e-08 4.758626e-11
5.076198e-06 3.047367e-07 1.348158e-10
4.656507e-06 3.454290e-07 9.998646e-11
4.221630e-06 2.780971e-07 1.308368e-10
3.669618e-06 1.425556e-07 1.843020e-10
5.629635e-06 2.300509e-07 2.821613e-10
3.002249e-06 1.755506e-07 1.182107e-10
1.869423e-06 1.718673e-07 5.266403e-11
1.166963e-06 9.040151e-08 2.590287e-11
2.040145e-06 2.198450e-07 4.654142e-11
1.294015e-06 1.403856e-07 2.571345e-11
1.617736e-06 1.450202e-07 4.113778e-11
1.671508e-06 1.097092e-07 5.070575e-11
1.631524e-06 7.810361e-08 6.004809e-11
1.217175e-06 1.078300e-07 3.357982e-11
2.751067e-06 2.661905e-07 7.370028e-11
4.131646e-06 5.248046e-07 5.949814e-11
7.697284e-06 5.388421e-07 1.871194e-10
1.432976e-05 4.918997e-07 5.753102e-10
9.197426e-06 3.711873e-07 5.592530e-10
1.921565e-05 4.647301e-07 1.589945e-09
1.341193e-05 5.160064e-07 5.248243e-10
1.636800e-05 4.901871e-07 8.859316e-10
3.766347e-05 8.368842e-07 2.927630e-10
1.187272e-04 8.104977e-07 9.196041e-10
1.309544e-04 8.212018e-07 4.616695e-10
1.699665e-04 8.161168e-07 1.027935e-09
7.354882e-05 7.863046e-07 2.147848e-09
1.142154e-04 8.185509e-07 1.819386e-09
9.163595e-05 8.106940e-07 8.784623e-10
2.754293e-04 7.677374e-07 1.167875e-09
2.699391e-04 7.479899e-07 4.671043e-10
1.764518e-04 7.837388e-07 7.433173e-10
3.091564e-04 7.166451e-07 9.112140e-10
3.053825e-04 7.374631e-07 2.546101e-09
3.370049e-04 7.596450e-07 5.427658e-09
2.335802e-04 7.654977e-07 6.744928e-09
1.807975e-04 7.653414e-07 6.003410e-09
2.753498e-04 7.157030e-07 1.908063e-09
3.191306e-04 7.130209e-07 1.987980e-09
1.788165e-04 7.605493e-07 2.063456e-09
9.577425e-05 7.188935e-07 1.632779e-09
7.254089e-05 7.072442e-07 9.634789e-10
2.909062e-05 5.419899e-07 9.598138e-10
6.826406e-05 6.048504e-07 2.343458e-09
1.014669e-04 6.600749e-07 1.507038e-09
1.703027e-04 6.570705e-07 1.806211e-09
3.191818e-04 6.585140e-07 3.973055e-09
1.192004e-04 6.217235e-07 3.410146e-09
1.657793e-04 6.429570e-07 9.980482e-09
2.099127e-04 6.609401e-07 5.074776e-09
4.299069e-04 5.941948e-07 2.032502e-09
3.973063e-04 5.624974e-07 1.172866e-09
1.283825e-04 6.751836e-07 3.422400e-09
7.337923e-05 5.898599e-07 6.159971e-09
1.600418e-04 6.826821e-07 3.136335e-09
9.031001e-05 6.625603e-07 1.382956e-09
3.757537e-05 5.111922e-07 1.897858e-09
1.195132e-05 2.981552e-07 6.047895e-10
1.118767e-05 1.902571e-07 9.370951e-10
8.224087e-06 6.912137e-08 9.267862e-10
1.068096e-05 8.164431e-08 2.184954e-09
1.021253e-05 1.541701e-07 8.840313e-10
1.168862e-05 2.432290e-07 7.131703e-10
1.443895e-05 2.258795e-07 1.408920e-09
9.394155e-06 1.268904e-07 1.002617e-09
6.183134e-06 1.123403e-07 5.156689e-10
7.450690e-06 1.646974e-07 6.071450e-10
1.217522e-05 3.239756e-07 7.778235e-10
1.064816e-05 3.113906e-07 6.224264e-10
9.480645e-06 1.061405e-07 1.325841e-09
7.728847e-06 3.680387e-08 1.202330e-09
9.152751e-06 3.551319e-08 1.838755e-09
5.634897e-06 1.215066e-08 5.933302e-10
3.818238e-06 1.620098e-08 3.010441e-10
4.122540e-06 3.633577e-08 2.914396e-10
5.472601e-06 6.880640e-08 4.903161e-10
4.726030e-06 1.365344e-07 2.664026e-10
7.280671e-06 6.014378e-08 8.279401e-10
7.469068e-06 4.901629e-08 9.379825e-10
8.337375e-06 1.215504e-07 1.044796e-09
1.131770e-05 3.685823e-07 5.472509e-10
2.654543e-05 6.282345e-07 6.601570e-10
3.848974e-05 7.778025e-07 2.510053e-10
3.903501e-05 7.602706e-07 2.434398e-10
5.392420e-05 7.931360e-07 1.565239e-10
2.481577e-05 6.865361e-07 3.314485e-10
2.097145e-05 6.077557e-07 4.143204e-10
7.725639e-06 4.148072e-07 1.975269e-10
6.960976e-06 5.244723e-07 9.611519e-11
2.976169e-06 3.833277e-07 4.135384e-11
3.815528e-06 2.398939e-07 1.267264e-10
3.482339e-06 2.631042e-07 1.020405e-10
2.567566e-06 9.599345e-08 1.176383e-10
2.914787e-06 6.318964e-08 1.659754e-10
1.638383e-06 5.020521e-08 5.284876e-11
2.405959e-06 3.777256e-08 1.050740e-10
2.948656e-06 9.806560e-08 1.467289e-10
2.863085e-06 5.613575e-08 1.759650e-10
1.959582e-06 5.918621e-08 7.680425e-11
3.002166e-06 1.949266e-08 1.958989e-10
1.908689e-06 2.439552e-08 7.698427e-11
2.387739e-06 1.094452e-08 1.282359e-10
1.468022e-06 1.979936e-08 5.245267e-11
1.219847e-06 1.114711e-08 3.572837e-11
1.448717e-06 1.080312e-08 4.973580e-11
1.000638e-06 3.668557e-09 1.984057e-11
1.435100e-06 1.854025e-09 4.291731e-11
1.549639e-06 1.879583e-09 4.656075e-11
1.091786e-06 2.937295e-09 3.858465e-11
1.176289e-06 1.491694e-09 3.066224e-11
1.094377e-06 1.620000e-09 2.763982e-11
1.422077e-06 1.379493e-09 4.200496e-11
1.609900e-06 3.268230e-09 6.201966e-11
1.165984e-06 1.512245e-09 2.748226e-11
1.927533e-06 1.859979e-09 7.347924e-11
1.575146e-06 4.423972e-09 5.637908e-11
1.410160e-06 3.215252e-09 4.365396e-11
1.306609e-06 5.085569e-09 4.001779e-11
1.534625e-06 2.132150e-09 4.203341e-11
1.644400e-06 3.319730e-09 5.262399e-11
2.514246e-06 1.829198e-09 9.113224e-11
2.845969e-06 2.667405e-09 1.364894e-10
1.816566e-06 3.269695e-09 5.843734e-11
1.148636e-06 2.107838e-09 2.181686e-11
1.053459e-06 2.332175e-09 1.971341e-11
1.157929e-06 1.408956e-09 2.187996e-11
1.565725e-06 2.917742e-09 4.544327e-11
1.014914e-06 1.623109e-09 1.858016e-11
1.389882e-06 1.008050e-09 2.776588e-11
1.034434e-06 2.367410e-09 1.909838e-11
1.179437e-06 1.363491e-09 2.591902e-11
1.652315e-06 1.149374e-09 4.018740e-11
1.102752e-06 3.602663e-09 2.527884e-11
1.424142e-06 7.022512e-09 3.983838e-11
1.289984e-06 1.381842e-08 4.076985e-11
1.935831e-06 8.428161e-09 7.604019e-11
1.316253e-06 7.395526e-09 3.344716e-11
1.289468e-06 1.321124e-08 3.738106e-11
2.143570e-06 1.911868e-08 1.029978e-10
3.804976e-06 9.160490e-09 3.074559e-10
5.833701e-06 1.578037e-08 7.067211e-10
4.624764e-06 2.239362e-08 4.169281e-10
3.967018e-06 7.848928e-09 2.468340e-10
3.394210e-06 6.402504e-09 1.999765e-10
2.156054e-06 1.629813e-08 8.878701e-11
2.255019e-06 1.845668e-08 1.018411e-10
3.660033e-06 7.137386e-09 2.555054e-10
2.324060e-06 9.371728e-09 1.021989e-10
2.108715e-06 4.270063e-09 8.614568e-11
1.290962e-06 6.970501e-09 3.860169e-11
1.196911e-06 6.412732e-09 3.200253e-11
1.697847e-06 1.271967e-08 6.157986e-11
2.482897e-06 1.030265e-08 1.338214e-10
2.385688e-06 4.214063e-09 1.169053e-10
2.188310e-06 2.401370e-09 7.867065e-11
3.027033e-06 1.761626e-09 1.338187e-10
4.821186e-06 5.531992e-09 4.192686e-10
7.705225e-06 6.524682e-09 1.252620e-09
