3.190121e-06 8.844279e-08 4.668103e-11
3.324908e-06 8.983193e-08 4.999750e-11
3.467266e-06 9.195453e-08 5.305247e-11
3.617194e-06 9.481059e-08 5.584593e-11
3.774692e-06 9.840012e-08 5.837789e-11
3.939760e-06 1.027231e-07 6.064834e-11
4.112399e-06 1.077796e-07 6.265728e-11
4.292609e-06 1.135695e-07 6.440471e-11
4.480388e-06 1.200928e-07 6.589064e-11
4.675738e-06 1.273497e-07 6.711507e-11
4.878659e-06 1.353400e-07 6.807798e-11
5.167640e-06 1.575490e-07 6.571019e-11
4.898818e-06 1.687176e-07 4.311723e-11
4.924078e-06 1.698984e-07 4.856536e-11
5.356655e-06 1.843846e-07 4.582396e-11
6.091295e-06 2.051456e-07 4.655128e-11
6.831839e-06 2.216090e-07 2.871672e-11
7.509701e-06 2.213794e-07 7.507549e-11
7.926875e-06 2.135106e-07 9.463148e-11
8.452882e-06 2.100070e-07 1.716950e-10
8.985073e-06 2.101673e-07 2.234221e-10
9.642810e-06 2.127391e-07 2.834890e-10
1.013481e-05 2.105305e-07 3.104728e-10
1.036422e-05 2.074704e-07 2.323955e-10
1.021055e-05 1.895333e-07 3.994342e-10
9.743660e-06 1.701932e-07 5.129153e-10
9.078803e-06 1.599183e-07 6.995975e-10
8.138443e-06 1.465506e-07 8.400712e-10
6.877254e-06 1.190196e-07 1.052293e-09
5.533190e-06 8.612934e-08 1.252172e-09
4.122521e-06 6.000033e-08 1.380191e-09
3.198738e-06 5.207610e-08 1.642088e-09
1.972106e-06 3.319872e-08 1.752091e-09
1.478528e-06 1.992072e-08 1.965583e-09
1.216349e-06 2.053403e-08 2.104318e-09
1.110280e-06 1.833132e-08 2.349281e-09
1.078526e-06 9.637130e-09 2.464347e-09
1.055981e-06 3.047528e-09 2.541718e-09
9.728764e-07 9.637130e-10 2.594930e-09
1.032555e-06 3.047528e-10 2.646191e-09
9.396168e-07 9.637130e-11 2.678600e-09
9.536891e-07 3.047528e-11 2.471531e-09
9.748972e-07 9.637130e-12 2.486307e-09
1.042865e-06 1.130938e-11 2.473089e-09
1.065401e-06 3.576339e-11 2.681362e-09
1.049237e-06 1.130938e-10 2.727857e-09
1.031911e-06 3.576339e-10 2.758629e-09
1.013698e-06 1.126593e-09 2.683841e-09
1.043267e-06 1.141507e-09 2.706712e-09
1.043357e-06 1.184599e-09 2.601951e-09
1.034075e-06 1.182643e-09 2.461037e-09
1.034446e-06 1.217423e-09 2.334139e-09
1.029230e-06 1.199879e-09 2.191307e-09
1.024278e-06 1.192633e-09 2.132002e-09
1.037503e-06 1.215702e-09 1.987225e-09
1.046479e-06 1.238040e-09 1.965051e-09
1.048116e-06 1.241867e-09 1.853756e-09
1.026059e-06 1.234178e-09 1.712205e-09
8.969886e-07 1.146341e-09 1.811666e-09
6.858789e-07 7.913305e-10 1.886323e-09
5.859629e-07 4.710776e-10 1.982302e-09
7.625325e-07 1.489678e-10 1.990134e-09
1.080592e-06 4.710776e-11 2.261895e-09
1.278728e-06 1.489678e-11 2.286492e-09
1.568850e-06 4.710776e-12 2.324375e-09
1.894071e-06 1.489678e-12 2.286359e-09
2.241410e-06 4.710776e-12 2.099728e-09
2.668604e-06 1.489678e-11 1.908039e-09
3.289335e-06 4.710776e-11 1.823187e-09
4.233047e-06 1.489678e-10 1.666729e-09
4.985125e-06 4.710776e-10 1.464130e-09
5.692714e-06 1.489678e-09 1.249022e-09
6.282595e-06 4.710776e-09 1.134677e-09
6.916895e-06 1.489678e-08 9.719832e-10
7.114424e-06 3.807050e-08 8.587858e-10
7.691260e-06 5.263333e-08 8.457203e-10
8.037087e-06 7.136423e-08 8.205080e-10
8.139369e-06 9.100196e-08 7.629065e-10
8.010433e-06 1.065134e-07 8.679022e-10
7.882293e-06 1.208988e-07 8.697740e-10
7.764133e-06 1.274820e-07 8.602282e-10
7.597665e-06 1.246715e-07 8.260678e-10
7.170153e-06 1.141681e-07 7.482277e-10
6.472627e-06 1.046603e-07 6.286396e-10
5.965094e-06 1.193733e-07 5.171770e-10
5.453450e-06 1.388859e-07 3.917201e-10
4.952826e-06 1.715534e-07 2.569790e-10
4.552706e-06 1.871815e-07 1.976284e-10
4.314958e-06 2.073741e-07 2.101061e-10
4.066860e-06 2.354922e-07 1.614682e-10
3.485109e-06 2.568211e-07 7.626122e-11
3.009667e-06 2.687556e-07 2.466212e-11
2.597296e-06 2.726625e-07 7.798847e-12
2.320540e-06 2.610063e-07 2.466212e-11
1.985896e-06 2.404173e-07 1.825672e-11
2.148704e-06 2.438603e-07 2.425616e-11
1.985487e-06 2.525450e-07 1.590201e-11
1.890483e-06 2.587338e-07 1.173536e-11
1.765651e-06 2.433570e-07 1.480998e-11
1.759741e-06 2.393459e-07 1.971633e-11
1.700373e-06 2.290530e-07 2.189598e-11
1.581447e-06 2.087188e-07 2.396200e-11
1.574123e-06 2.142244e-07 2.405719e-11
1.646501e-06 2.385789e-07 2.379451e-11
1.764128e-06 2.740291e-07 2.031900e-11
1.806204e-06 2.849179e-07 1.963051e-11
1.920013e-06 3.008087e-07 2.197497e-11
1.976302e-06 2.888361e-07 2.645673e-11
2.109825e-06 2.818302e-07 3.106676e-11
2.246708e-06 2.933933e-07 3.372776e-11
2.298373e-06 3.020885e-07 3.436805e-11
2.337212e-06 3.011492e-07 3.533842e-11
2.398898e-06 3.053192e-07 3.430530e-11
2.383222e-06 2.959840e-07 3.014565e-11
2.012579e-06 2.724114e-07 9.532892e-12
1.203254e-06 2.557467e-07 3.014565e-12
6.968485e-07 2.635391e-07 9.532892e-13
1.588003e-06 2.621740e-07 3.014565e-13
2.853772e-06 2.720819e-07 9.532892e-14
4.698856e-06 3.014860e-07 3.014565e-13
6.410637e-06 3.168158e-07 9.532892e-13
7.891705e-06 3.228963e-07 3.014565e-12
9.203577e-06 3.346482e-07 9.532892e-12
1.043575e-05 3.227012e-07 3.014565e-11
1.141742e-05 2.908338e-07 9.532892e-11
1.155506e-05 2.397842e-07 3.014565e-10
1.306943e-05 2.154550e-07 9.532892e-10
1.416771e-05 1.807210e-07 1.698678e-09
1.492040e-05 1.549470e-07 2.165833e-09
1.459164e-05 1.400963e-07 2.554690e-09
1.522017e-05 1.440982e-07 2.774407e-09
1.577922e-05 1.457249e-07 3.065919e-09
1.612026e-05 1.574931e-07 3.274461e-09
1.603426e-05 1.682627e-07 3.367961e-09
1.497964e-05 1.619964e-07 3.303640e-09
1.413455e-05 1.680677e-07 3.223115e-09
1.371030e-05 1.981205e-07 2.968425e-09
1.505867e-05 2.428821e-07 2.897582e-09
1.602304e-05 3.045697e-07 2.609555e-09
1.637918e-05 3.452028e-07 2.194533e-09
1.666239e-05 3.824492e-07 1.835868e-09
1.667807e-05 4.063065e-07 1.742305e-09
1.630752e-05 4.143347e-07 1.410530e-09
1.594703e-05 4.060213e-07 1.677931e-09
1.539743e-05 3.904448e-07 2.107661e-09
1.475925e-05 3.629746e-07 2.721721e-09
1.527709e-05 3.474798e-07 3.496438e-09
1.461667e-05 3.077095e-07 4.033439e-09
1.369284e-05 2.613060e-07 4.455876e-09
1.258095e-05 2.136821e-07 4.670393e-09
1.297601e-05 1.978353e-07 4.803369e-09
1.235673e-05 1.710667e-07 4.895857e-09
1.142177e-05 1.475616e-07 4.729398e-09
1.014849e-05 1.259131e-07 4.314984e-09
8.567367e-06 9.264468e-08 3.797953e-09
7.625501e-06 7.113431e-08 3.374251e-09
6.856883e-06 6.093330e-08 2.759560e-09
7.121061e-06 6.612712e-08 2.352590e-09
7.165127e-06 6.923144e-08 2.133341e-09
7.194382e-06 6.497715e-08 2.043378e-09
7.674444e-06 7.187349e-08 2.158217e-09
7.805928e-06 6.747880e-08 2.283332e-09
7.824802e-06 5.050349e-08 2.389741e-09
8.104677e-06 3.434561e-08 3.000956e-09
7.443985e-06 2.427147e-08 3.269425e-09
3.329888e-06 9.026111e-09 3.681099e-09
1.826817e-06 1.809825e-08 3.870294e-09
5.776904e-06 4.554253e-08 3.884928e-09
7.274570e-06 8.108388e-08 3.803510e-09
1.209107e-05 1.336346e-07 3.669979e-09
1.456759e-05 2.096866e-07 3.456298e-09
1.251120e-05 2.979024e-07 3.070750e-09
2.811281e-05 3.760251e-07 2.605896e-09
3.992317e-05 4.629420e-07 2.071810e-09
4.595489e-05 5.489067e-07 1.621608e-09
7.150133e-05 6.249228e-07 1.300666e-09
9.673451e-05 6.951139e-07 9.233978e-10
1.165004e-04 7.608287e-07 8.043096e-10
1.431740e-04 8.178187e-07 9.035590e-10
1.694268e-04 8.740900e-07 8.106987e-10
1.875337e-04 9.113915e-07 3.260987e-10
2.009295e-04 9.289802e-07 4.138813e-10
2.050353e-04 9.073296e-07 4.650350e-10
2.041122e-04 8.833250e-07 8.609974e-10
1.904618e-04 8.419111e-07 9.925377e-10
1.695440e-04 8.084972e-07 1.759431e-09
1.630694e-04 7.929290e-07 2.456853e-09
1.507849e-04 7.823674e-07 3.183648e-09
1.349126e-04 7.657544e-07 3.808302e-09
1.294532e-04 7.582993e-07 4.425164e-09
1.149559e-04 7.541260e-07 4.929602e-09
1.044479e-04 7.521780e-07 5.218038e-09
1.158497e-04 7.392387e-07 5.302515e-09
1.263314e-04 7.343464e-07 5.287352e-09
1.450924e-04 7.395763e-07 5.060346e-09
1.746632e-04 7.399762e-07 4.513476e-09
1.907180e-04 7.598738e-07 4.178981e-09
2.013952e-04 7.544535e-07 3.874219e-09
2.155127e-04 7.633100e-07 3.426794e-09
2.189209e-04 7.835677e-07 2.846772e-09
2.113133e-04 7.827923e-07 2.202501e-09
1.984206e-04 7.632000e-07 2.029327e-09
1.771029e-04 7.153734e-07 1.665458e-09
1.522357e-04 6.679163e-07 1.728706e-09
1.205781e-04 6.048815e-07 1.518101e-09
9.333345e-05 5.472899e-07 1.772385e-09
7.485124e-05 4.829932e-07 1.798647e-09
4.834947e-05 4.158136e-07 1.550755e-09
3.027335e-05 3.456896e-07 1.673325e-09
1.589594e-05 2.787637e-07 1.950154e-09
5.026739e-06 2.153735e-07 2.131731e-09
1.589594e-06 1.537134e-07 2.216897e-09
5.026739e-07 9.765925e-08 2.217296e-09
1.589594e-06 5.435923e-08 2.248193e-09
5.026739e-06 2.745357e-08 2.113402e-09
8.161087e-06 8.681581e-09 2.053962e-09
9.343830e-06 2.745357e-09 2.319129e-09
8.552627e-06 8.681581e-10 2.311295e-09
8.966019e-06 2.745357e-10 2.167102e-09
9.273716e-06 8.681581e-11 2.039718e-09
9.004617e-06 2.745357e-11 1.861870e-09
8.518700e-06 8.681581e-11 1.691388e-09
7.947774e-06 2.745357e-10 1.491580e-09
7.057716e-06 8.681581e-10 1.200178e-09
6.133720e-06 2.745357e-09 8.620829e-10
5.269722e-06 4.502677e-09 5.456345e-10
4.581096e-06 4.274344e-09 2.692136e-10
4.001864e-06 3.863185e-09 8.513282e-11
3.846202e-06 3.630129e-09 2.442116e-10
3.687288e-06 3.333278e-09 2.347782e-10
3.399435e-06 3.137590e-09 1.941592e-10
2.946549e-06 3.300719e-09 1.558539e-10
2.476768e-06 2.855666e-09 8.737267e-11
2.233214e-06 1.499145e-09 7.408302e-11
1.840842e-06 4.740713e-10 2.342711e-11
1.910290e-06 5.241731e-10 5.250164e-11
1.889121e-06 1.657581e-09 5.732878e-11
1.845409e-06 5.195435e-09 5.307656e-11
2.016506e-06 7.106330e-09 7.036765e-11
2.091014e-06 1.053153e-08 7.830293e-11
2.242947e-06 1.300230e-08 9.543090e-11
2.397725e-06 1.637484e-08 1.101768e-10
2.565659e-06 1.960893e-08 1.253549e-10
2.675410e-06 2.163355e-08 1.342986e-10
2.868928e-06 2.413267e-08 1.513156e-10
3.027090e-06 2.603037e-08 1.633064e-10
3.082900e-06 2.717063e-08 1.677800e-10
3.081093e-06 2.726257e-08 1.663482e-10
3.058943e-06 2.679218e-08 1.639192e-10
3.069139e-06 2.580265e-08 1.607526e-10
2.943814e-06 2.394986e-08 1.491666e-10
2.708651e-06 2.109462e-08 1.293217e-10
2.597084e-06 1.707312e-08 1.139603e-10
2.407301e-06 1.251505e-08 9.343314e-11
2.165835e-06 9.934813e-09 7.069453e-11
2.056659e-06 1.120357e-08 6.903675e-11
1.946153e-06 9.679626e-09 5.378838e-11
1.893034e-06 7.523654e-09 4.910078e-11
1.942021e-06 6.542816e-09 5.170188e-11
2.066578e-06 6.314593e-09 5.682212e-11
2.411082e-06 4.562661e-09 8.452066e-11
2.738339e-06 4.893088e-09 1.070300e-10
2.946948e-06 4.593781e-09 1.219172e-10
3.045584e-06 4.307522e-09 1.306648e-10
3.119668e-06 4.992362e-09 1.369735e-10
3.296029e-06 5.031269e-09 1.451843e-10
3.403562e-06 4.880313e-09 1.547875e-10
3.486468e-06 4.560482e-09 1.612047e-10
3.599412e-06 4.449860e-09 1.697806e-10
3.633856e-06 3.845089e-09 1.700251e-10
3.593060e-06 2.731989e-09 1.673732e-10
3.531834e-06 2.772878e-09 1.624146e-10
3.454958e-06 2.776177e-09 1.561362e-10
3.175645e-06 3.591006e-09 1.392542e-10
2.783281e-06 4.521490e-09 1.145342e-10
2.478574e-06 6.164645e-09 9.379088e-11
2.306228e-06 7.220314e-09 8.016205e-11
2.171095e-06 7.443911e-09 7.781966e-11
2.013804e-06 7.850063e-09 6.537871e-11
2.051253e-06 9.278756e-09 6.949494e-11
2.055795e-06 1.104264e-08 7.330563e-11
2.020171e-06 1.340824e-08 7.281881e-11
1.875766e-06 1.534484e-08 6.617532e-11
1.741944e-06 1.700296e-08 5.947993e-11
1.641804e-06 1.860378e-08 5.464705e-11
1.700072e-06 1.927963e-08 5.773486e-11
1.661023e-06 1.913303e-08 6.037014e-11
1.604436e-06 1.901026e-08 5.755079e-11
1.604276e-06 1.822063e-08 5.743946e-11
1.651619e-06 1.691558e-08 5.808154e-11
1.677285e-06 1.559413e-08 5.964996e-11
1.654092e-06 1.537846e-08 5.844208e-11
1.531540e-06 1.414603e-08 5.123902e-11
1.460323e-06 1.290625e-08 4.729853e-11
1.410544e-06 1.084099e-08 4.095855e-11
1.465790e-06 9.463272e-09 4.112997e-11
1.455008e-06 7.219980e-09 3.867259e-11
1.481403e-06 5.103204e-09 3.934839e-11
1.557992e-06 4.538556e-09 4.397558e-11
1.776259e-06 4.579583e-09 5.998338e-11
1.894497e-06 4.415510e-09 6.835578e-11
1.992843e-06 4.097376e-09 7.350584e-11
2.069017e-06 3.694235e-09 7.674627e-11
2.185599e-06 3.513012e-09 8.171491e-11
2.233315e-06 3.613334e-09 8.347688e-11
2.379562e-06 3.063654e-09 9.019728e-11
2.537791e-06 2.564242e-09 9.877526e-11
2.684409e-06 2.341233e-09 1.067763e-10
2.844773e-06 7.403630e-10 1.156071e-10
2.850326e-06 2.341233e-10 1.139988e-10
2.696359e-06 7.403630e-11 9.871960e-11
2.475929e-06 2.341233e-11 5.774691e-11
2.318285e-06 7.403630e-11 2.272133e-11
2.396298e-06 2.341233e-10 2.405940e-11
2.361617e-06 7.403630e-10 7.608250e-12
2.645191e-06 2.341233e-09 2.405940e-11
3.061700e-06 7.403630e-09 7.608250e-11
3.567719e-06 2.341233e-08 2.211498e-10
4.367889e-06 3.912971e-08 4.265139e-10
4.868233e-06 5.013163e-08 4.490189e-10
5.656511e-06 5.863700e-08 7.148296e-10
6.312587e-06 6.557469e-08 8.633177e-10
7.053390e-06 7.076136e-08 1.190274e-09
8.012564e-06 7.364818e-08 1.591984e-09
9.172010e-06 7.375621e-08 1.992047e-09
1.028963e-05 7.104672e-08 2.321520e-09
1.113077e-05 6.632506e-08 2.566813e-09
1.156863e-05 5.894309e-08 2.695669e-09
1.158473e-05 5.041735e-08 2.727874e-09
1.113610e-05 4.226931e-08 2.614755e-09
1.060089e-05 3.264227e-08 2.413355e-09
1.029784e-05 2.451028e-08 2.296582e-09
9.745961e-06 1.806070e-08 2.043875e-09
9.559333e-06 8.855305e-09 1.962784e-09
9.206087e-06 2.800293e-09 1.797739e-09
8.960126e-06 8.855305e-10 1.602188e-09
8.855822e-06 5.759823e-10 1.406138e-09
8.656289e-06 1.821416e-09 1.236905e-09
8.564270e-06 5.759823e-10 1.306666e-09
8.706886e-06 1.821416e-09 1.408593e-09
8.827564e-06 5.759823e-09 1.456254e-09
9.310067e-06 1.557530e-08 1.697944e-09
1.047094e-05 2.737909e-08 2.413961e-09
1.216141e-05 4.003506e-08 3.238166e-09
1.342567e-05 5.140706e-08 3.789358e-09
1.421755e-05 6.163691e-08 4.098061e-09
1.468396e-05 7.056401e-08 4.097746e-09
1.505312e-05 7.696182e-08 4.306039e-09
1.530853e-05 7.990339e-08 4.618579e-09
1.574317e-05 8.240997e-08 5.031453e-09
1.607170e-05 8.438385e-08 5.228117e-09
1.663056e-05 8.307284e-08 5.668968e-09
1.677239e-05 7.970371e-08 5.865762e-09
1.673640e-05 7.331438e-08 5.942158e-09
1.610641e-05 6.382032e-08 5.651625e-09
1.535303e-05 5.291329e-08 5.283840e-09
1.453909e-05 4.227001e-08 4.970885e-09
1.357813e-05 2.967551e-08 4.541020e-09
1.337321e-05 2.621197e-08 4.593576e-09
1.381263e-05 3.423753e-08 4.716856e-09
1.373381e-05 3.544558e-08 4.524652e-09
1.401002e-05 3.784288e-08 4.805454e-09
1.480947e-05 4.800192e-08 5.098029e-09
1.450774e-05 4.122262e-08 5.232827e-09
1.479399e-05 5.960041e-08 4.936393e-09
1.503259e-05 6.687705e-08 4.681552e-09
1.489402e-05 8.059073e-08 4.417440e-09
1.028916e-05 1.033680e-07 4.481274e-09
6.254925e-06 1.364824e-07 4.324925e-09
1.977981e-06 1.828819e-07 4.243381e-09
6.254925e-06 2.301519e-07 3.842471e-09
1.467570e-05 2.797612e-07 3.703350e-09
3.193443e-05 3.252666e-07 3.025141e-09
5.852748e-05 3.787969e-07 2.629063e-09
8.171264e-05 4.279481e-07 2.272189e-09
1.037223e-04 4.749007e-07 2.086299e-09
1.234262e-04 5.165432e-07 2.005597e-09
1.353779e-04 5.541257e-07 1.980762e-09
1.411327e-04 5.879170e-07 2.310181e-09
1.481494e-04 6.103811e-07 2.483269e-09
1.598212e-04 6.201006e-07 2.432750e-09
1.684225e-04 6.386573e-07 2.451891e-09
1.713979e-04 6.539945e-07 2.411495e-09
1.680154e-04 6.438075e-07 2.443901e-09
1.595979e-04 6.374199e-07 2.279665e-09
1.442048e-04 5.955237e-07 1.847658e-09
1.235911e-04 5.534251e-07 1.490615e-09
9.901987e-05 5.101341e-07 1.534350e-09
7.807971e-05 4.624069e-07 1.675593e-09
6.033593e-05 4.106550e-07 1.712864e-09
5.257117e-05 3.527015e-07 2.104132e-09
4.344125e-05 2.956446e-07 2.696334e-09
4.556813e-05 2.366461e-07 3.234613e-09
4.594274e-05 1.870103e-07 4.128561e-09
3.792002e-05 1.339221e-07 4.600418e-09
3.086023e-05 8.622495e-08 5.036634e-09
2.197763e-05 4.237795e-08 5.273734e-09
1.091180e-05 1.340109e-08 5.292235e-09
5.210992e-06 4.237795e-09 5.241492e-09
8.599585e-06 1.340109e-09 5.017882e-09
1.481580e-05 4.237795e-10 4.587258e-09
1.579588e-05 1.340109e-09 4.009759e-09
1.465485e-05 4.237795e-09 3.330094e-09
1.336757e-05 1.081388e-08 2.668206e-09
1.152797e-05 8.852786e-09 1.776233e-09
9.618728e-06 6.381289e-09 8.957027e-10
8.206042e-06 3.742954e-09 5.146251e-10
7.008783e-06 4.847574e-09 3.524725e-10
5.624853e-06 4.229401e-09 1.114616e-10
4.301888e-06 4.469083e-09 3.524725e-11
3.669985e-06 4.650500e-09 4.226148e-11
3.158124e-06 4.022212e-09 1.024394e-10
2.818385e-06 3.106292e-09 1.091346e-10
2.308940e-06 2.340167e-09 8.102626e-11
1.728133e-06 1.392897e-09 2.562275e-11
1.509618e-06 7.392938e-10 1.659992e-11
1.289859e-06 5.701239e-10 5.249357e-12
1.191312e-06 9.370230e-10 1.659992e-12
1.227018e-06 1.033930e-09 5.249357e-12
1.299157e-06 9.719808e-10 1.659992e-11
1.364618e-06 1.679670e-09 3.342407e-11
1.491773e-06 1.513969e-09 4.347309e-11
1.575416e-06 1.367599e-09 5.037048e-11
1.656208e-06 4.324727e-10 5.733650e-11
1.637201e-06 3.606038e-10 5.677826e-11
1.669931e-06 1.140329e-09 6.231393e-11
1.715561e-06 3.606038e-09 6.992949e-11
1.711734e-06 1.140329e-08 7.475132e-11
1.642928e-06 1.571855e-08 7.474776e-11
1.603563e-06 1.931821e-08 7.597461e-11
1.494839e-06 2.226744e-08 7.020719e-11
1.375666e-06 2.431420e-08 5.868162e-11
1.433162e-06 2.534959e-08 6.714859e-11
1.597173e-06 2.573192e-08 8.140237e-11
1.797287e-06 2.530000e-08 9.750518e-11
2.003702e-06 2.420974e-08 1.124827e-10
2.195964e-06 2.263695e-08 1.251135e-10
2.347669e-06 1.953615e-08 1.356797e-10
2.427907e-06 1.526857e-08 1.394484e-10
2.467919e-06 7.816053e-09 1.400901e-10
2.459532e-06 2.815287e-09 1.372239e-10
2.408762e-06 8.902719e-10 1.316955e-10
2.345599e-06 2.815287e-10 1.249462e-10
2.213651e-06 8.902719e-11 1.128260e-10
1.954790e-06 2.815287e-11 9.870663e-11
1.920649e-06 8.902719e-11 9.058086e-11
1.836628e-06 2.815287e-10 7.683946e-11
1.737648e-06 8.902719e-10 6.105839e-11
1.585070e-06 2.815287e-09 4.242188e-11
1.510530e-06 8.902719e-09 2.984849e-11
1.392227e-06 2.815287e-08 1.510103e-11
1.333389e-06 8.902719e-08 7.541487e-12
1.367404e-06 1.579962e-07 8.759582e-12
1.416502e-06 1.640849e-07 1.427917e-11
1.647535e-06 1.683032e-07 3.029665e-11
1.895866e-06 1.668729e-07 4.800651e-11
2.166167e-06 1.615772e-07 6.744199e-11
2.334556e-06 1.509664e-07 8.155180e-11
2.385829e-06 1.352304e-07 8.570938e-11
2.371728e-06 1.141310e-07 7.773755e-11
2.506203e-06 9.334556e-08 9.677713e-11
2.711823e-06 7.087305e-08 1.240159e-10
2.841845e-06 5.703970e-08 1.432680e-10
2.957915e-06 3.505755e-08 1.612149e-10
2.992433e-06 2.666812e-08 1.708456e-10
3.284395e-06 4.266566e-08 1.857591e-10
3.432639e-06 4.595740e-08 1.957904e-10
3.497384e-06 4.307379e-08 1.991333e-10
3.433790e-06 3.742254e-08 1.944228e-10
3.312841e-06 2.935806e-08 1.837808e-10
3.082202e-06 2.043274e-08 1.663959e-10
2.859570e-06 1.290326e-08 1.487648e-10
2.678912e-06 1.211013e-08 1.283728e-10
2.600848e-06 1.302142e-08 1.215274e-10
2.527389e-06 9.425044e-09 1.127711e-10
2.483002e-06 2.980461e-09 1.189172e-10
2.367087e-06 9.425044e-10 1.165730e-10
2.332387e-06 2.980461e-09 1.107761e-10
1.983400e-06 9.425044e-10 1.103562e-10
2.250657e-06 2.980461e-09 1.171879e-10
2.883579e-06 9.425044e-09 1.499217e-10
2.976301e-06 2.980461e-08 1.643935e-10
3.446463e-06 9.425044e-08 1.667233e-10
3.163427e-06 1.527059e-07 1.685882e-10
2.509043e-06 2.174046e-07 1.629780e-10
3.936533e-06 2.983229e-07 1.554677e-10
5.871318e-06 3.954911e-07 1.393205e-10
7.776733e-06 4.993733e-07 1.161459e-10
9.371031e-06 5.842836e-07 9.530244e-11
1.036113e-05 6.386282e-07 3.758632e-11
1.141427e-05 6.795223e-07 4.319489e-11
1.207796e-05 6.785426e-07 1.029087e-10
1.291485e-05 6.849284e-07 1.574062e-10
1.340362e-05 6.742802e-07 2.082595e-10
1.355881e-05 6.466410e-07 2.477994e-10
1.352450e-05 6.043516e-07 2.983668e-10
1.298974e-05 5.521318e-07 3.150301e-10
1.219764e-05 4.810310e-07 3.318662e-10
1.051468e-05 3.730940e-07 3.994445e-10
1.000547e-05 3.184637e-07 4.636050e-10
9.204087e-06 2.576763e-07 6.007910e-10
7.958727e-06 1.949394e-07 7.197677e-10
7.694693e-06 1.796337e-07 8.273493e-10
6.786376e-06 1.707718e-07 8.855699e-10
7.129903e-06 1.912557e-07 9.266764e-10
9.308600e-06 2.273152e-07 9.994872e-10
1.038942e-05 2.676533e-07 1.023545e-09
1.074277e-05 2.919388e-07 9.879718e-10
1.082437e-05 2.894113e-07 9.991976e-10
1.080429e-05 2.759685e-07 1.038046e-09
1.098753e-05 2.642650e-07 1.100801e-09
1.078746e-05 2.415929e-07 1.088949e-09
1.077819e-05 2.451804e-07 1.073894e-09
1.017264e-05 2.292666e-07 1.026167e-09
9.330899e-06 2.062904e-07 7.793708e-10
8.641237e-06 1.718130e-07 8.586133e-10
7.556998e-06 1.274917e-07 7.373440e-10
6.729155e-06 8.014495e-08 8.212980e-10
6.127298e-06 3.369801e-08 1.018049e-09
6.822371e-06 1.395830e-08 1.420827e-09
7.210196e-06 4.414001e-09 1.840297e-09
7.615805e-06 1.395830e-09 2.143230e-09
8.411108e-06 4.414001e-10 2.417422e-09
8.647012e-06 1.395830e-10 2.608519e-09
9.136177e-06 4.414001e-11 2.771486e-09
9.370728e-06 1.395830e-10 2.863571e-09
9.223995e-06 4.414001e-10 2.827276e-09
8.953274e-06 1.395830e-09 2.732047e-09
8.675150e-06 4.414001e-09 2.624669e-09
8.152142e-06 1.395830e-08 2.415624e-09
7.325142e-06 2.071828e-08 2.088940e-09
6.337701e-06 2.162716e-08 1.712806e-09
5.337218e-06 1.716981e-08 1.350870e-09
4.273660e-06 1.581185e-08 9.129999e-10
3.244697e-06 9.301261e-09 4.583565e-10
2.709106e-06 2.189791e-08 3.115740e-10
2.132872e-06 2.993573e-08 9.852836e-11
1.964722e-06 4.347600e-08 3.115740e-11
1.845611e-06 5.569468e-08 9.852836e-12
1.912375e-06 6.745998e-08 3.115740e-11
1.870359e-06 8.196906e-08 3.894754e-11
1.820144e-06 1.010521e-07 2.632589e-11
1.884140e-06 1.179632e-07 4.742841e-11
1.939270e-06 1.320444e-07 6.010220e-11
2.135624e-06 1.440071e-07 7.706261e-11
2.332302e-06 1.491479e-07 1.023853e-10
2.536774e-06 1.491264e-07 1.349295e-10
2.714126e-06 1.438727e-07 1.624068e-10
2.761857e-06 1.339058e-07 1.769926e-10
2.743003e-06 1.200260e-07 1.861028e-10
2.623382e-06 1.035813e-07 1.865609e-10
2.608725e-06 8.146937e-08 1.954803e-10
2.532081e-06 5.729361e-08 1.936405e-10
2.458752e-06 3.911903e-08 1.830807e-10
2.413180e-06 2.245930e-08 1.631274e-10
2.669175e-06 2.065313e-08 1.665471e-10
3.069060e-06 7.519639e-09 2.271291e-10
3.256554e-06 2.377919e-09 2.587587e-10
3.345796e-06 7.519639e-10 2.425516e-10
3.603686e-06 2.377919e-10 2.969095e-10
3.868604e-06 7.519639e-11 3.401877e-10
4.074507e-06 2.377919e-10 3.885775e-10
4.265031e-06 7.519639e-10 3.767062e-10
4.368138e-06 2.377919e-09 2.784435e-10
4.837101e-06 6.856403e-09 2.199796e-10
5.603639e-06 7.445174e-09 6.075018e-10
6.500027e-06 8.141160e-09 1.055931e-09
7.138062e-06 8.440260e-09 1.412747e-09
7.718079e-06 8.476271e-09 1.754350e-09
8.109767e-06 8.288901e-09 1.991640e-09
8.369208e-06 7.971923e-09 2.191999e-09
8.841133e-06 7.169081e-09 2.379194e-09
9.091122e-06 6.419832e-09 2.489027e-09
9.158424e-06 5.734648e-09 2.522255e-09
9.097578e-06 4.865478e-09 2.487529e-09
8.923782e-06 3.921822e-09 2.408895e-09
8.619872e-06 3.049603e-09 2.285152e-09
7.960786e-06 2.420783e-09 2.042325e-09
7.282089e-06 2.503105e-09 1.750174e-09
6.597491e-06 2.854078e-09 1.472586e-09
5.683168e-06 3.102587e-09 1.099878e-09
4.696605e-06 3.250975e-09 7.000185e-10
3.734587e-06 2.746266e-09 2.662856e-10
2.904384e-06 2.395956e-09 8.420689e-11
2.513938e-06 1.486140e-09 2.662856e-11
2.247926e-06 2.202456e-09 7.766981e-11
2.022466e-06 1.620373e-09 8.637220e-11
1.718493e-06 5.124068e-10 3.465003e-11
1.621769e-06 1.620373e-09 3.247930e-11
1.407671e-06 4.561260e-09 1.027086e-11
1.376983e-06 8.367290e-09 3.247930e-12
1.676998e-06 1.198824e-08 1.027086e-11
1.992334e-06 1.568087e-08 3.247930e-11
2.139522e-06 1.884292e-08 1.027086e-10
2.486773e-06 2.120068e-08 1.903500e-10
2.741259e-06 2.308546e-08 2.424329e-10
3.012909e-06 2.420910e-08 2.570003e-10
3.477688e-06 2.432283e-08 2.983493e-10
3.705007e-06 2.391220e-08 2.947010e-10
4.290122e-06 2.282621e-08 4.407993e-10
4.988159e-06 2.096969e-08 5.921636e-10
5.770048e-06 1.827879e-08 7.360677e-10
6.336922e-06 1.494240e-08 8.352862e-10
6.863367e-06 1.151161e-08 9.225574e-10
7.336773e-06 7.738209e-09 9.916270e-10
7.756935e-06 5.002566e-09 1.048682e-09
7.958825e-06 1.581950e-09 1.073158e-09
8.046047e-06 5.002566e-10 1.067628e-09
7.945962e-06 5.728486e-10 1.031026e-09
7.695642e-06 1.811506e-10 9.691780e-10
7.346925e-06 5.728486e-10 8.977955e-10
6.993162e-06 1.811506e-09 8.325100e-10
6.440884e-06 2.943429e-09 7.398875e-10
5.823443e-06 3.484420e-09 6.268639e-10
5.339939e-06 4.047620e-09 5.369122e-10
4.625597e-06 4.410506e-09 3.988428e-10
3.960415e-06 4.420506e-09 2.539309e-10
3.621199e-06 4.341777e-09 1.842776e-10
3.180078e-06 3.629057e-09 1.273326e-10
3.316335e-06 4.175551e-09 2.106038e-10
3.306285e-06 4.876486e-09 2.053971e-10
3.223106e-06 5.000260e-09 1.818287e-10
3.121603e-06 5.151046e-09 1.600075e-10
3.166491e-06 5.786580e-09 1.640566e-10
3.164432e-06 5.916125e-09 1.633800e-10
3.133505e-06 7.119412e-09 1.627736e-10
3.039328e-06 8.360793e-09 1.537340e-10
2.961250e-06 9.152478e-09 1.498078e-10
2.886459e-06 9.702216e-09 1.527570e-10
2.684578e-06 9.822636e-09 1.412200e-10
2.421659e-06 9.504725e-09 1.224245e-10
2.301787e-06 7.112357e-09 1.226238e-10
2.177435e-06 7.724141e-09 1.164853e-10
2.118600e-06 8.422667e-09 1.151585e-10
1.997448e-06 1.149678e-08 1.086838e-10
1.860830e-06 1.439337e-08 9.766850e-11
1.779115e-06 1.670447e-08 8.555413e-11
1.819331e-06 1.876945e-08 8.574392e-11
1.672891e-06 2.086259e-08 6.961017e-11
1.595424e-06 2.339237e-08 5.079600e-11
1.398554e-06 2.401164e-08 1.606311e-11
1.536749e-06 2.394497e-08 5.079600e-12
1.771324e-06 2.502073e-08 1.606311e-11
2.050547e-06 2.565656e-08 4.249418e-11
2.218512e-06 2.513892e-08 1.343784e-11
2.662562e-06 2.349335e-08 4.249418e-12
3.233314e-06 2.251901e-08 1.343784e-11
3.870031e-06 2.117637e-08 4.249418e-11
4.732093e-06 1.869559e-08 1.343784e-10
5.639047e-06 1.677878e-08 4.249418e-10
6.322662e-06 1.415653e-08 1.343784e-09
7.156808e-06 1.179254e-08 2.818073e-09
7.820002e-06 1.354578e-08 3.234490e-09
8.040396e-06 1.551368e-08 3.235091e-09
8.451072e-06 1.895896e-08 3.674560e-09
8.885006e-06 2.063924e-08 4.157423e-09
9.409410e-06 2.137836e-08 4.504741e-09
9.900006e-06 2.158940e-08 4.539314e-09
1.047717e-05 2.109135e-08 4.614215e-09
1.110380e-05 1.959563e-08 4.739462e-09
1.181235e-05 1.783638e-08 4.817347e-09
1.243541e-05 1.652622e-08 4.710391e-09
1.276001e-05 1.520160e-08 4.469740e-09
1.335917e-05 1.260550e-08 4.485701e-09
1.366112e-05 9.875882e-09 4.379137e-09
1.445924e-05 7.028161e-09 4.796028e-09
1.510721e-05 6.119834e-09 5.250548e-09
1.581780e-05 4.394680e-09 5.995591e-09
1.648749e-05 2.767928e-09 6.691146e-09
1.654727e-05 3.005902e-09 6.892306e-09
1.635289e-05 1.875172e-09 6.950905e-09
1.590832e-05 5.929816e-10 6.885713e-09
1.504417e-05 1.875172e-10 6.612817e-09
1.422647e-05 5.929816e-11 6.216794e-09
1.381362e-05 1.875172e-10 6.140193e-09
1.342944e-05 5.929816e-10 5.959449e-09
1.283025e-05 1.875172e-09 5.181358e-09
1.199599e-05 5.929816e-09 4.641099e-09
1.082404e-05 1.627346e-08 4.492913e-09
1.050685e-05 1.880098e-08 4.536018e-09
9.073489e-06 2.463426e-08 4.259508e-09
8.736445e-06 4.232164e-08 4.056786e-09
8.242567e-06 6.831115e-08 4.195188e-09
1.110951e-05 1.090319e-07 4.599864e-09
1.646841e-05 1.764469e-07 4.678527e-09
2.200918e-05 2.359832e-07 5.158270e-09
2.687947e-05 2.881791e-07 5.553578e-09
3.172350e-05 3.503117e-07 6.117968e-09
3.508686e-05 3.955819e-07 6.203564e-09
3.746548e-05 4.420737e-07 5.999692e-09
3.913051e-05 4.799400e-07 5.830023e-09
3.931304e-05 5.029309e-07 5.326262e-09
3.876522e-05 5.115493e-07 4.810417e-09
3.746818e-05 5.147100e-07 4.169414e-09
3.506193e-05 4.990311e-07 3.444084e-09
3.157503e-05 4.620741e-07 2.846478e-09
2.687509e-05 4.072289e-07 1.981108e-09
2.154468e-05 3.392759e-07 1.630222e-09
1.581726e-05 2.683147e-07 1.243518e-09
1.065537e-05 2.066085e-07 8.889237e-10
4.987131e-06 1.469791e-07 3.882678e-10
1.673500e-06 1.006676e-07 2.021635e-10
5.292072e-07 6.437198e-08 6.392973e-11
3.388659e-07 4.445472e-08 2.021635e-11
1.071588e-06 3.511438e-08 6.392973e-12
1.578500e-06 1.128406e-08 2.021635e-11
1.810404e-06 3.568333e-09 6.392973e-11
2.241592e-06 1.128406e-09 1.022018e-10
2.087452e-06 3.568333e-10 7.085253e-11
2.299308e-06 1.128406e-10 6.100585e-11
2.417332e-06 3.568333e-10 4.437281e-11
2.710145e-06 1.128406e-09 6.405593e-11
3.513219e-06 2.505452e-09 1.360146e-10
4.482841e-06 3.024804e-09 2.371975e-10
5.339775e-06 3.209104e-09 3.196609e-10
5.968543e-06 2.052131e-09 3.705315e-10
6.646074e-06 2.144325e-09 4.411356e-10
7.074575e-06 2.048703e-09 4.760616e-10
7.034454e-06 2.536452e-09 4.276883e-10
7.177416e-06 3.143879e-09 4.801079e-10
7.024889e-06 4.608023e-09 4.250512e-10
6.883417e-06 5.359066e-09 3.565908e-10
7.139574e-06 5.585415e-09 4.191644e-10
7.236128e-06 6.100457e-09 2.447703e-10
7.766515e-06 6.579961e-09 6.243052e-10
9.198246e-06 6.863617e-09 1.150731e-09
1.058245e-05 6.808184e-09 1.615506e-09
1.135413e-05 6.695220e-09 1.911034e-09
1.209440e-05 6.308063e-09 2.206520e-09
1.283615e-05 4.905486e-09 2.509167e-09
1.335482e-05 4.003630e-09 2.613876e-09
1.421952e-05 5.677265e-09 2.802541e-09
1.514384e-05 7.649390e-09 3.075382e-09
1.578384e-05 9.484028e-09 3.306941e-09
1.619969e-05 1.342216e-08 3.529369e-09
1.643211e-05 1.715872e-08 3.670733e-09
1.636125e-05 2.046014e-08 3.696617e-09
1.547098e-05 2.318950e-08 3.520361e-09
1.430107e-05 2.515904e-08 3.251778e-09
1.317435e-05 2.610534e-08 2.920978e-09
1.188625e-05 2.821935e-08 2.484666e-09
1.093888e-05 2.954327e-08 2.132440e-09
1.008836e-05 3.123479e-08 1.778259e-09
9.241279e-06 3.260875e-08 1.484452e-09
9.054698e-06 3.292611e-08 1.523081e-09
9.188245e-06 2.966017e-08 1.412271e-09
8.690632e-06 2.552426e-08 1.129609e-09
7.838646e-06 1.050578e-08 1.331195e-09
8.498708e-06 2.013554e-08 1.339013e-09
9.448059e-06 2.924054e-08 1.724737e-09
9.634469e-06 2.639610e-08 2.296552e-09
1.172361e-05 5.098146e-08 3.114066e-09
1.352846e-05 5.889047e-08 3.945752e-09
1.537874e-05 6.784368e-08 4.595694e-09
1.710463e-05 8.939352e-08 5.131339e-09
1.878505e-05 1.254513e-07 5.428217e-09
1.974089e-05 1.698409e-07 5.497272e-09
1.975513e-05 1.876884e-07 5.384799e-09
1.994769e-05 2.225451e-07 5.132807e-09
1.978643e-05 2.629553e-07 4.703303e-09
1.905783e-05 2.845382e-07 4.203357e-09
1.792871e-05 3.248451e-07 3.521180e-09
1.642118e-05 3.588013e-07 2.705401e-09
1.459001e-05 3.780580e-07 1.912372e-09
1.217734e-05 3.672587e-07 1.031614e-09
1.037027e-05 3.697759e-07 4.419094e-10
8.514306e-06 3.670011e-07 1.397440e-10
7.165673e-06 3.593388e-07 4.419094e-11
6.415852e-06 3.495725e-07 1.397440e-11
5.567952e-06 3.303007e-07 4.419094e-12
4.467562e-06 2.953459e-07 1.397440e-12
3.963171e-06 2.871397e-07 4.419094e-12
1.747028e-06 2.622805e-07 1.397440e-11
5.524588e-07 2.642103e-07 4.419094e-11
1.747028e-07 2.826483e-07 1.397440e-10
5.524588e-07 3.105681e-07 1.697617e-10
1.747028e-06 3.350747e-07 1.865489e-10
5.524588e-06 3.477501e-07 2.126227e-10
1.747028e-05 3.948673e-07 2.261951e-10
1.873178e-05 4.360727e-07 2.147522e-10
4.215100e-05 4.601222e-07 2.164364e-10
7.352738e-05 5.014370e-07 2.104393e-10
9.571303e-05 5.226759e-07 1.816604e-10
1.141635e-04 5.340151e-07 2.006256e-10
1.338489e-04 5.391410e-07 2.470170e-10
1.543863e-04 5.658670e-07 2.889610e-10
1.675245e-04 5.742058e-07 2.904981e-10
1.892445e-04 5.723975e-07 3.369705e-10
2.055056e-04 5.643700e-07 3.395129e-10
2.130610e-04 5.707456e-07 3.148187e-10
2.088833e-04 5.639855e-07 3.708246e-10
1.959991e-04 5.737267e-07 4.513479e-10
1.851768e-04 5.857589e-07 5.470085e-10
1.823848e-04 5.948716e-07 6.128227e-10
1.872025e-04 6.035971e-07 5.980799e-10
1.797149e-04 6.101517e-07 5.208419e-10
1.729648e-04 6.222080e-07 5.517528e-10
1.722776e-04 6.414547e-07 7.541329e-10
1.560121e-04 6.471338e-07 9.547775e-10
1.470507e-04 6.493724e-07 1.167604e-09
1.585571e-04 6.476805e-07 1.400771e-09
1.522085e-04 6.526227e-07 1.568433e-09
1.417770e-04 6.606531e-07 1.607979e-09
1.340123e-04 6.655261e-07 1.424915e-09
1.302321e-04 6.710944e-07 1.237193e-09
1.405908e-04 6.841878e-07 1.513557e-09
1.380818e-04 6.955182e-07 1.949895e-09
1.454267e-04 7.020708e-07 2.246779e-09
1.510965e-04 7.151183e-07 2.627554e-09
1.463426e-04 7.235666e-07 2.643653e-09
1.499925e-04 7.351448e-07 3.163542e-09
1.455942e-04 7.475154e-07 3.712940e-09
1.573257e-04 7.535727e-07 4.044338e-09
1.794938e-04 7.561022e-07 4.263887e-09
1.937191e-04 7.644224e-07 4.503816e-09
1.955605e-04 7.705967e-07 4.745547e-09
2.108520e-04 7.816740e-07 4.947133e-09
2.234127e-04 7.930873e-07 5.405807e-09
2.207021e-04 7.869551e-07 5.512207e-09
2.209877e-04 7.920444e-07 5.807486e-09
2.125027e-04 7.953956e-07 5.935305e-09
1.988269e-04 7.961437e-07 5.754679e-09
1.967677e-04 7.923461e-07 5.391581e-09
1.869102e-04 7.912128e-07 4.920454e-09
1.857978e-04 7.865496e-07 4.701041e-09
1.898992e-04 7.822338e-07 4.680566e-09
1.780527e-04 7.703658e-07 4.339931e-09
1.638252e-04 7.664443e-07 3.747392e-09
1.632811e-04 7.614308e-07 3.251008e-09
1.615427e-04 7.521638e-07 2.570431e-09
1.592634e-04 7.494816e-07 2.403630e-09
1.395592e-04 7.449458e-07 1.953730e-09
1.446801e-04 7.374531e-07 1.386054e-09
1.487758e-04 7.341034e-07 9.375846e-10
1.580066e-04 7.277921e-07 5.615130e-10
1.657233e-04 7.215227e-07 1.775660e-10
1.898900e-04 7.124631e-07 5.615130e-11
2.054663e-04 7.063566e-07 1.775660e-11
2.057690e-04 7.010417e-07 5.615130e-12
2.154764e-04 6.965086e-07 1.775660e-12
2.126312e-04 6.937184e-07 5.615130e-13
2.101409e-04 6.946033e-07 1.775660e-13
2.049885e-04 6.948248e-07 5.615130e-14
2.041373e-04 7.022284e-07 2.449155e-14
2.172203e-04 7.049750e-07 7.744908e-14
2.140254e-04 7.126347e-07 2.449155e-13
1.977491e-04 7.276305e-07 7.744908e-13
1.996114e-04 7.466467e-07 2.449155e-12
2.213171e-04 7.538604e-07 7.744908e-12
2.159103e-04 7.614564e-07 2.449155e-11
2.187116e-04 7.694361e-07 7.744908e-11
2.122024e-04 7.766935e-07 2.449155e-10
2.346254e-04 7.771755e-07 7.744908e-10
2.638374e-04 7.766326e-07 2.449155e-09
2.843464e-04 7.738013e-07 5.002406e-09
3.050885e-04 7.660345e-07 5.252509e-09
3.289290e-04 7.625635e-07 5.385237e-09
3.358246e-04 7.603638e-07 5.646627e-09
3.363346e-04 7.609209e-07 5.943015e-09
3.362045e-04 7.576239e-07 6.037619e-09
3.195812e-04 7.607318e-07 5.921462e-09
2.977872e-04 7.577595e-07 5.622923e-09
2.689087e-04 7.485598e-07 5.295071e-09
2.514663e-04 7.692648e-07 5.223413e-09
2.260525e-04 7.724048e-07 4.674655e-09
1.856069e-04 7.704086e-07 4.075998e-09
1.519014e-04 7.598765e-07 3.967131e-09
1.344969e-04 7.314765e-07 3.468686e-09
1.027812e-04 6.868737e-07 2.963498e-09
6.218027e-05 6.327174e-07 2.658189e-09
4.732398e-05 5.698568e-07 2.973102e-09
2.371299e-05 5.027501e-07 2.889662e-09
2.365633e-05 4.290731e-07 3.140739e-09
1.895158e-05 3.556600e-07 3.437112e-09
5.993015e-06 2.833541e-07 3.905747e-09
9.083023e-06 2.109436e-07 3.835234e-09
1.070553e-05 1.506720e-07 3.987438e-09
9.442038e-06 9.316862e-08 4.706961e-09
1.095472e-05 4.694824e-08 5.121110e-09
1.095329e-05 1.484634e-08 5.439721e-09
1.090697e-05 4.694824e-09 5.669629e-09
1.072875e-05 1.484634e-09 5.850334e-09
1.180344e-05 4.694824e-10 5.916825e-09
1.291175e-05 1.484634e-10 5.521750e-09
1.262868e-05 4.694824e-11 4.993593e-09
1.297472e-05 1.484634e-11 4.844789e-09
1.320003e-05 4.694824e-11 4.847845e-09
1.299235e-05 1.484634e-10 4.481730e-09
1.290395e-05 4.694824e-10 4.452057e-09
1.271948e-05 1.484634e-09 4.651779e-09
1.250738e-05 3.412369e-09 4.780551e-09
1.238017e-05 4.166717e-09 4.856800e-09
1.244962e-05 5.342728e-09 5.430023e-09
1.212724e-05 6.287353e-09 5.453617e-09
1.197937e-05 6.778394e-09 5.135271e-09
1.186166e-05 7.205784e-09 4.928771e-09
1.213858e-05 7.451512e-09 5.101327e-09
1.255217e-05 7.734164e-09 5.513872e-09
1.247750e-05 7.276973e-09 5.408982e-09
1.240703e-05 7.294139e-09 5.387498e-09
1.265701e-05 7.233736e-09 5.344446e-09
1.269884e-05 7.822405e-09 5.112784e-09
1.230542e-05 8.252337e-09 4.508973e-09
1.183505e-05 6.982992e-09 3.768739e-09
1.159412e-05 6.651622e-09 3.433106e-09
1.185875e-05 4.882782e-09 3.420236e-09
1.195453e-05 2.691978e-09 3.265596e-09
1.184982e-05 8.512783e-10 3.051372e-09
1.150451e-05 2.691978e-09 2.918837e-09
1.082545e-05 8.512783e-10 2.955796e-09
1.054051e-05 2.691978e-09 2.781235e-09
1.028631e-05 8.512783e-09 2.638473e-09
9.942387e-06 2.691978e-08 2.330669e-09
9.144073e-06 6.426630e-08 1.848981e-09
7.905919e-06 8.413384e-08 1.469690e-09
8.173794e-06 1.359708e-07 1.526487e-09
8.624304e-06 1.797739e-07 1.466128e-09
8.961907e-06 2.146539e-07 1.272234e-09
8.861732e-06 2.465203e-07 9.482367e-10
8.232535e-06 2.871679e-07 6.985357e-10
7.453855e-06 3.300556e-07 5.064288e-10
7.681641e-06 3.788193e-07 2.106965e-10
7.993440e-06 4.305595e-07 6.662807e-11
9.635318e-06 4.837094e-07 2.106965e-11
1.158833e-05 5.588900e-07 3.557733e-11
1.330388e-05 6.172625e-07 1.125054e-10
1.459729e-05 6.599262e-07 1.346671e-10
1.525359e-05 6.918454e-07 1.132779e-10
1.548046e-05 7.121070e-07 8.808998e-11
1.532153e-05 7.074113e-07 7.848443e-11
1.524743e-05 7.000375e-07 8.490675e-11
1.453378e-05 6.735982e-07 8.055451e-11
1.348995e-05 6.286530e-07 7.202198e-11
1.194263e-05 5.630594e-07 6.424399e-11
1.023009e-05 5.054703e-07 4.947559e-11
9.635469e-06 4.508530e-07 4.620990e-11
8.169148e-06 3.601730e-07 6.752371e-11
6.459327e-06 2.661693e-07 7.947618e-11
4.401962e-06 1.909524e-07 8.196988e-11
2.220658e-06 1.313330e-07 8.079116e-11
9.609688e-07 7.737044e-08 7.938768e-11
9.669065e-07 3.926139e-08 7.504147e-11
7.960952e-07 1.952761e-08 6.847831e-11
1.479937e-06 2.198142e-08 6.221158e-11
1.700897e-06 4.271919e-08 5.335058e-11
1.761324e-06 4.656376e-08 5.265736e-11
1.813308e-06 5.289567e-08 5.274581e-11
1.767180e-06 7.342445e-08 4.722535e-11
1.739247e-06 8.770909e-08 4.473222e-11
1.719320e-06 9.537420e-08 4.314891e-11
1.655498e-06 1.024171e-07 3.932887e-11
1.556235e-06 1.042521e-07 3.387831e-11
1.406587e-06 9.344667e-08 3.000099e-11
1.349788e-06 8.740616e-08 3.020717e-11
1.370093e-06 1.039021e-07 2.669832e-11
1.307747e-06 1.084561e-07 2.688504e-11
7.386469e-07 1.002173e-07 3.233380e-11
1.112182e-06 1.339649e-07 2.959182e-11
1.759379e-06 1.964535e-07 2.505410e-11
2.475983e-06 2.472410e-07 2.626397e-11
3.102587e-06 2.910261e-07 2.267580e-11
3.416275e-06 3.202640e-07 7.170718e-12
3.730714e-06 3.574404e-07 2.267580e-12
4.166444e-06 3.841888e-07 7.170718e-13
4.834364e-06 4.080185e-07 2.267580e-13
5.592328e-06 4.251029e-07 7.170718e-14
6.288952e-06 4.275379e-07 2.449155e-14
7.150513e-06 4.281160e-07 7.744908e-14
7.854874e-06 4.069628e-07 2.449155e-13
8.581066e-06 3.747624e-07 7.744908e-13
9.311134e-06 3.342011e-07 2.449155e-12
9.591373e-06 2.804803e-07 7.744908e-12
9.887522e-06 2.228339e-07 2.449155e-11
1.040435e-05 1.760366e-07 7.744908e-11
1.094216e-05 1.385863e-07 2.449155e-10
1.124027e-05 8.465652e-08 7.744908e-10
1.146053e-05 5.112609e-08 2.449155e-09
1.261377e-05 5.808051e-08 5.359467e-09
1.302846e-05 5.673133e-08 5.457016e-09
1.287228e-05 3.966810e-08 5.362028e-09
1.233290e-05 2.301811e-08 5.069434e-09
1.137227e-05 7.278965e-09 4.580966e-09
1.063474e-05 3.194750e-09 3.984190e-09
9.978089e-06 1.010269e-09 3.409535e-09
9.356083e-06 6.178936e-10 2.707058e-09
8.601833e-06 9.136578e-10 2.018855e-09
7.750968e-06 2.889240e-10 1.607333e-09
6.969479e-06 9.136578e-11 1.174230e-09
6.009677e-06 4.862295e-11 6.605596e-10
5.110619e-06 1.537593e-10 3.506589e-10
4.192948e-06 4.862295e-10 1.108881e-10
3.198209e-06 1.537593e-09 3.506589e-11
2.741580e-06 4.755354e-09 1.108881e-11
2.591404e-06 5.339401e-09 1.185655e-11
2.385033e-06 6.034446e-09 3.749370e-11
2.248572e-06 6.510827e-09 5.836905e-11
2.119945e-06 6.784988e-09 4.259542e-11
2.101196e-06 7.228015e-09 6.076355e-11
1.978653e-06 7.332707e-09 5.375922e-11
1.882084e-06 7.282230e-09 3.965599e-11
1.793678e-06 7.231861e-09 2.550309e-11
1.774810e-06 7.209736e-09 1.946934e-11
1.906762e-06 7.052893e-09 3.741681e-11
2.158611e-06 6.692573e-09 5.080908e-11
2.380708e-06 6.217608e-09 5.911088e-11
2.511117e-06 5.555559e-09 6.288987e-11
2.568825e-06 4.519443e-09 6.387515e-11
2.540636e-06 3.340730e-09 6.149876e-11
2.507410e-06 2.580739e-09 5.916086e-11
2.443890e-06 2.797790e-09 5.706565e-11
2.340788e-06 3.328979e-09 5.409692e-11
2.297626e-06 3.591531e-09 5.343134e-11
2.214211e-06 3.351247e-09 5.085250e-11
2.086131e-06 3.171481e-09 4.532944e-11
1.983109e-06 3.499765e-09 4.310101e-11
1.970267e-06 4.162316e-09 4.633537e-11
1.965215e-06 4.557289e-09 4.849140e-11
1.974189e-06 4.954222e-09 5.290304e-11
1.932926e-06 5.053006e-09 5.339432e-11
1.816336e-06 4.920108e-09 4.233710e-11
1.759016e-06 4.953679e-09 4.296596e-11
1.867291e-06 4.454587e-09 5.646891e-11
1.845277e-06 2.716165e-09 5.680861e-11
2.027288e-06 2.937170e-09 7.456298e-11
2.108592e-06 9.288147e-10 8.939544e-11
2.154033e-06 2.937170e-10 1.049813e-10
2.292401e-06 9.288147e-11 1.172210e-10
2.308609e-06 2.937170e-11 1.314293e-10
2.309668e-06 9.288147e-12 1.554199e-10
2.040777e-06 2.937170e-12 1.829367e-10
2.736195e-06 9.288147e-12 2.065559e-10
3.843753e-06 2.937170e-11 2.204165e-10
5.002412e-06 9.288147e-11 2.294393e-10
5.988307e-06 2.937170e-10 2.350637e-10
6.938215e-06 9.288147e-10 2.409026e-10
7.537995e-06 2.937170e-09 2.326054e-10
8.040477e-06 9.288147e-09 2.350442e-10
8.190398e-06 2.937170e-08 2.339071e-10
8.318909e-06 9.288147e-08 2.205950e-10
7.422582e-06 2.937170e-07 2.042821e-10
7.972338e-06 3.800842e-07 1.956137e-10
8.469530e-06 3.977477e-07 1.845787e-10
8.835480e-06 4.284258e-07 1.560868e-10
9.309056e-06 4.526107e-07 1.481706e-10
9.368453e-06 4.513917e-07 1.359743e-10
9.448989e-06 4.585197e-07 1.242213e-10
9.279489e-06 4.817274e-07 1.091030e-10
8.862835e-06 4.859004e-07 1.033364e-10
8.168907e-06 4.809337e-07 9.890996e-11
7.903303e-06 4.995400e-07 9.209211e-11
8.590867e-06 5.417291e-07 8.355273e-11
8.753699e-06 5.850544e-07 6.556793e-11
8.486772e-06 5.924762e-07 5.779092e-11
7.699803e-06 5.587457e-07 5.326778e-11
6.932769e-06 5.333620e-07 4.290378e-11
5.819855e-06 4.760829e-07 4.365644e-11
5.372543e-06 4.245255e-07 7.335723e-11
4.703856e-06 3.646191e-07 9.583944e-11
4.441894e-06 3.473026e-07 1.136498e-10
3.890383e-06 3.132796e-07 1.265019e-10
5.011293e-06 3.128370e-07 1.367328e-10
5.330333e-06 2.967080e-07 1.494890e-10
5.566250e-06 2.938288e-07 1.531093e-10
5.591953e-06 2.572159e-07 1.615628e-10
5.559442e-06 2.348750e-07 1.630336e-10
5.660113e-06 2.596198e-07 1.566291e-10
5.399184e-06 2.744393e-07 1.445562e-10
4.884230e-06 2.709936e-07 1.290024e-10
4.396251e-06 2.815636e-07 1.087415e-10
3.899185e-06 2.973029e-07 8.896569e-11
3.763483e-06 3.275290e-07 6.903695e-11
3.503445e-06 3.587778e-07 4.593649e-11
3.187713e-06 3.731280e-07 3.174072e-11
2.835143e-06 3.890074e-07 1.684208e-11
2.698070e-06 4.106033e-07 5.325933e-12
2.585462e-06 4.098868e-07 1.831741e-12
2.901815e-06 4.217987e-07 4.431993e-12
2.887192e-06 4.106986e-07 7.059883e-12
2.950496e-06 4.101250e-07 2.336815e-12
2.947490e-06 3.791571e-07 7.389657e-12
3.036070e-06 3.518941e-07 2.166824e-11
2.994602e-06 3.038698e-07 3.279885e-11
2.805696e-06 2.517133e-07 3.612875e-11
2.550691e-06 1.902528e-07 3.172623e-11
2.696576e-06 1.546675e-07 5.317199e-11
2.798287e-06 1.218142e-07 8.126214e-11
2.633373e-06 6.449529e-08 9.679033e-11
1.772901e-06 2.039520e-08 1.069485e-10
5.606404e-07 6.449529e-09 1.436382e-10
1.772901e-07 2.039520e-09 1.771144e-10
5.606404e-07 6.449529e-10 1.989524e-10
1.772901e-06 2.039520e-09 2.400582e-10
5.606404e-06 6.449529e-09 2.775995e-10
1.163024e-05 2.039520e-08 2.966408e-10
1.406649e-05 6.449529e-08 3.108809e-10
1.622601e-05 2.039520e-07 3.197627e-10
1.823048e-05 3.238088e-07 3.286381e-10
1.975530e-05 3.819838e-07 3.327488e-10
2.057259e-05 4.192930e-07 3.268606e-10
2.123750e-05 4.717430e-07 3.248792e-10
2.112099e-05 5.135809e-07 3.004241e-10
2.053478e-05 5.435366e-07 2.791147e-10
1.930029e-05 5.448742e-07 2.489731e-10
1.751334e-05 5.413561e-07 2.197419e-10
1.526152e-05 5.210828e-07 2.058688e-10
1.232791e-05 4.770537e-07 1.785620e-10
8.772281e-06 4.151104e-07 1.417471e-10
4.874352e-06 3.448796e-07 1.185721e-10
1.781971e-06 2.927918e-07 1.163699e-10
9.394659e-07 2.487930e-07 9.570177e-11
2.597849e-06 2.225634e-07 7.684123e-11
2.966906e-06 1.987221e-07 8.290963e-11
2.853698e-06 1.811653e-07 7.686094e-11
2.244400e-06 1.484082e-07 6.049983e-11
1.946793e-06 1.178947e-07 5.969932e-11
2.007319e-06 1.110046e-07 6.015135e-11
2.191836e-06 1.179917e-07 6.061112e-11
2.143966e-06 1.194015e-07 5.448462e-11
2.356599e-06 1.274788e-07 6.517698e-11
2.879046e-06 1.576050e-07 7.994714e-11
3.189683e-06 1.767341e-07 9.412802e-11
3.442964e-06 1.834450e-07 1.098089e-10
3.612320e-06 1.911734e-07 1.193052e-10
3.653220e-06 2.089270e-07 1.216264e-10
3.635731e-06 2.155875e-07 1.218480e-10
3.607703e-06 2.157277e-07 1.231366e-10
3.538216e-06 2.133210e-07 1.219633e-10
3.289414e-06 1.981119e-07 1.151860e-10
2.954243e-06 1.704047e-07 1.082772e-10
2.384065e-06 1.489567e-07 9.004995e-11
1.722850e-06 1.486201e-07 5.571465e-11
1.729195e-06 1.579548e-07 4.139926e-11
1.276599e-06 1.625368e-07 1.309160e-11
1.488460e-06 1.637263e-07 1.783213e-11
1.997018e-06 1.874690e-07 4.696854e-11
1.618480e-06 2.035052e-07 1.228273e-10
5.118084e-07 2.346346e-07 1.609489e-10
1.618480e-07 2.676721e-07 2.440102e-10
5.118084e-08 3.171205e-07 3.039730e-10
1.618480e-07 3.724632e-07 3.066243e-10
5.118084e-07 4.299255e-07 3.679861e-10
1.618480e-06 4.835977e-07 5.064949e-10
5.118084e-06 5.490506e-07 6.216482e-10
1.618480e-05 6.073159e-07 7.720332e-10
4.700181e-05 6.574873e-07 8.800952e-10
5.734439e-05 7.010078e-07 9.590755e-10
7.249078e-05 7.277982e-07 9.302266e-10
8.930464e-05 7.407903e-07 7.689389e-10
1.154845e-04 7.521538e-07 6.490323e-10
1.439335e-04 7.752746e-07 7.054770e-10
1.642709e-04 7.989367e-07 1.093179e-09
1.821045e-04 8.132133e-07 1.460431e-09
2.073978e-04 8.062154e-07 1.782457e-09
2.327693e-04 7.984749e-07 2.179118e-09
2.506913e-04 7.854509e-07 2.495111e-09
2.618943e-04 7.695092e-07 2.760943e-09
2.619827e-04 7.647806e-07 2.824989e-09
2.586585e-04 7.528467e-07 2.941857e-09
2.476975e-04 7.417909e-07 2.941079e-09
2.296959e-04 7.307406e-07 2.800814e-09
2.178974e-04 7.199923e-07 2.807797e-09
2.005646e-04 7.101538e-07 2.447588e-09
1.749539e-04 7.001979e-07 2.494016e-09
1.502079e-04 6.925315e-07 2.739521e-09
1.367236e-04 6.840910e-07 2.875432e-09
1.380481e-04 6.706531e-07 2.760227e-09
1.503488e-04 6.594576e-07 2.434789e-09
1.568307e-04 6.436606e-07 2.436104e-09
1.727500e-04 6.337786e-07 2.756048e-09
1.844703e-04 6.360631e-07 3.178631e-09
1.903260e-04 6.492558e-07 3.697898e-09
2.000813e-04 6.572242e-07 3.868201e-09
2.133612e-04 6.612553e-07 3.959414e-09
2.156700e-04 6.562626e-07 3.906088e-09
2.081563e-04 6.351258e-07 3.850989e-09
1.935210e-04 6.025339e-07 3.652426e-09
1.693208e-04 5.547499e-07 3.293993e-09
1.420971e-04 5.116849e-07 2.984753e-09
1.125727e-04 4.682521e-07 2.566839e-09
8.505309e-05 4.186443e-07 2.068192e-09
6.950567e-05 3.605895e-07 1.670225e-09
4.107984e-05 3.068556e-07 1.235553e-09
1.543964e-05 2.727676e-07 1.344225e-09
4.882442e-06 2.458733e-07 1.285001e-09
1.543964e-06 2.150016e-07 1.023558e-09
4.882442e-06 1.840398e-07 7.800755e-10
4.391207e-06 1.643916e-07 7.114385e-10
1.388622e-06 1.434535e-07 9.232641e-10
4.391207e-06 1.361813e-07 9.969118e-10
8.235940e-06 1.367210e-07 9.823155e-10
9.133796e-06 1.446408e-07 9.760047e-10
8.655026e-06 1.443851e-07 8.805394e-10
8.146243e-06 1.338833e-07 8.010539e-10
7.303802e-06 1.011974e-07 7.551403e-10
5.922593e-06 6.102361e-08 8.069315e-10
4.477383e-06 3.248514e-08 8.067624e-10
4.082303e-06 3.199935e-08 7.775155e-10
4.030473e-06 4.791318e-08 7.972282e-10
6.554464e-06 7.933504e-08 7.768224e-10
9.184729e-06 1.234420e-07 7.084197e-10
1.256038e-05 1.878298e-07 6.474217e-10
1.588357e-05 2.595858e-07 5.915620e-10
1.892323e-05 3.457999e-07 5.134186e-10
2.127799e-05 4.237048e-07 4.773306e-10
2.296796e-05 4.838422e-07 4.458356e-10
2.425448e-05 5.406675e-07 4.837573e-10
2.466013e-05 5.787033e-07 4.474817e-10
2.432924e-05 5.972204e-07 3.923392e-10
2.323986e-05 5.972212e-07 3.214874e-10
2.154132e-05 5.760131e-07 2.563995e-10
1.915279e-05 5.455799e-07 1.690028e-10
1.639538e-05 4.915523e-07 1.309558e-10
1.302087e-05 4.196940e-07 1.076481e-10
9.266871e-06 3.334125e-07 1.223843e-10
5.249321e-06 2.524535e-07 1.138717e-10
2.299378e-06 1.858956e-07 1.303408e-10
7.271273e-07 1.359906e-07 1.246481e-10
2.299378e-07 9.454034e-08 1.173946e-10
7.271273e-07 6.830816e-08 1.047293e-10
1.471798e-06 4.787729e-08 1.037531e-10
2.062351e-06 3.417184e-08 1.149864e-10
2.067866e-06 1.611062e-08 1.162131e-10
2.135453e-06 1.589681e-08 1.106450e-10
1.979440e-06 1.623726e-08 9.867841e-11
1.878754e-06 1.335350e-08 9.004630e-11
1.783303e-06 1.801015e-08 7.820325e-11
1.677061e-06 1.495006e-08 6.980388e-11
1.564449e-06 1.068609e-08 6.294480e-11
1.402531e-06 5.968982e-09 5.012542e-11
1.309549e-06 1.887558e-09 4.153856e-11
1.285718e-06 1.367695e-09 3.727907e-11
1.276259e-06 1.002080e-09 3.756434e-11
1.223215e-06 2.217380e-09 3.184088e-11
1.233471e-06 1.634799e-09 3.527918e-11
1.211620e-06 1.791998e-09 3.177407e-11
1.346420e-06 1.314268e-09 4.085814e-11
1.474437e-06 1.896841e-09 4.806181e-11
1.570791e-06 2.204539e-09 5.302609e-11
1.656123e-06 2.790654e-09 5.769116e-11
1.664791e-06 2.893767e-09 5.754601e-11
1.726779e-06 2.959944e-09 5.988791e-11
1.758851e-06 3.011251e-09 6.089790e-11
1.767517e-06 3.013059e-09 6.102743e-11
1.746007e-06 2.956443e-09 5.890794e-11
1.668845e-06 2.855597e-09 5.454290e-11
1.641740e-06 2.526730e-09 5.147712e-11
1.596813e-06 2.176608e-09 4.860907e-11
1.520616e-06 1.457604e-09 4.303784e-11
1.458062e-06 1.373508e-09 3.891317e-11
1.427667e-06 1.686132e-09 3.767583e-11
1.380684e-06 1.715104e-09 3.514566e-11
1.267226e-06 1.858562e-09 2.841337e-11
1.095107e-06 2.789277e-09 1.214916e-11
8.905573e-07 3.487982e-09 3.841900e-12
9.628512e-07 3.940670e-09 1.214916e-12
1.214086e-06 5.648805e-09 3.841900e-12
1.501849e-06 7.371488e-09 1.214916e-11
1.835795e-06 8.276303e-09 3.841900e-11
2.124135e-06 9.174225e-09 1.214916e-10
2.308076e-06 1.074422e-08 1.522737e-10
2.611842e-06 1.200910e-08 1.833496e-10
2.851960e-06 1.323341e-08 2.084425e-10
3.115759e-06 1.381411e-08 2.308712e-10
3.282006e-06 1.416356e-08 2.453840e-10
3.346636e-06 1.369910e-08 2.507899e-10
3.343825e-06 1.312455e-08 2.465086e-10
3.271106e-06 1.276559e-08 2.375549e-10
3.186265e-06 1.234362e-08 2.263875e-10
2.992040e-06 1.216796e-08 2.056170e-10
2.723905e-06 1.114330e-08 1.670883e-10
2.281080e-06 9.771937e-09 8.303493e-11
2.331694e-06 9.164214e-09 9.472937e-11
2.425048e-06 8.559291e-09 1.146740e-10
2.561141e-06 7.957170e-09 1.428689e-10
2.739975e-06 7.357849e-09 1.793139e-10
2.961550e-06 6.761330e-09 2.240092e-10
3.225864e-06 6.167612e-09 2.769546e-10
3.532918e-06 5.576695e-09 3.381503e-10
3.882713e-06 4.988579e-09 4.075962e-10
4.275248e-06 4.403264e-09 4.852922e-10
4.710522e-06 3.820751e-09 5.712385e-10
